ID mode xcoord_p ycoord_p
12 1 2175160 261861
17 1 2175241 259515
18 1 2175353 258830
19 1 2175569 258326
21 1 2175874 256653
22 1 2175635 256004
23 1 2175512 255329
24 1 2175453 254976
25 1 2175400 254619
26 1 2174934 253415
27 1 2174805 253129
28 1 2174676 252827
38 1 2171376 249606
41 1 2170511 248370
43 1 2169979 247493
44 1 2170110 247575
72 1 2173415 239719
74 1 2174293 239694
75 1 2174639 239542
81 1 2176719 239885
90 1 2176694 240231
95 1 2172346 239391
100 1 2173904 242960
101 1 2174083 243382
102 1 2174416 244141
103 1 2174698 244790
104 1 2174939 245341
105 1 2174712 245512
106 1 2174358 245675
107 1 2174016 245827
108 1 2173796 245925
109 1 2173279 246157
110 1 2172838 246346
111 1 2172933 246774
112 1 2172544 247046
113 1 2172133 247229
114 1 2171873 246801
115 1 2171707 246429
116 1 2171314 246368
118 1 2170572 246327
124 1 2171431 249737
125 1 2171732 249678
126 1 2172064 249545
127 1 2172422 249396
128 1 2172743 249262
129 1 2173042 249133
130 1 2173754 248841
132 1 2174213 249689
133 1 2174474 250271
134 1 2174641 250672
136 1 2174617 252676
137 1 2174773 253057
138 1 2175483 255160
139 1 2175591 255839
140 1 2175721 256195
141 1 2175849 256475
142 1 2175848 257046
143 1 2175819 257460
144 1 2175684 258059
145 1 2175462 258578
146 1 2176806 239629
148 1 2175851 240671
150 1 2176298 241848
151 1 2174670 242623
152 1 2174343 242764
155 1 2176551 239507
157 1 2175448 239875
158 1 2175232 239376
161 1 2173809 239906
163 1 2175249 259222
164 1 2175223 259802
165 1 2175213 260171
166 1 2175160 261867
167 1 2175144 262377
168 1 2175404 262429
169 1 2176040 262419
170 1 2176327 262407
171 1 2177087 262275
172 1 2177511 262072
173 1 2178015 261908
174 1 2179186 261698
175 1 2179638 261490
176 1 2180411 261049
177 1 2180816 260868
178 1 2181472 260569
179 1 2181926 260370
180 1 2182388 260173
181 1 2183885 259502
182 1 2184627 259169
183 1 2185004 259007
184 1 2185951 258590
185 1 2186536 258583
188 1 2187186 260145
189 1 2187333 260484
190 1 2187588 261063
191 1 2188292 261830
192 1 2188555 262431
193 1 2188816 263024
194 1 2189100 263649
195 1 2189284 264068
211 1 2191591 266868
212 1 2191898 267586
213 1 2192101 268039
214 1 2192280 268439
215 1 2192453 268824
216 1 2192634 269227
217 1 2192894 269668
219 1 2189389 261853
220 1 2188809 262365
221 1 2213759 277635
222 1 2213703 277043
223 1 2213142 275811
225 1 2210349 275099
226 1 2203822 273095
227 1 2199826 272548
228 1 2197529 270533
229 1 2196532 270286
230 1 2194074 269145
231 1 2193674 269324
232 1 2193277 269498
233 1 2192679 269330
234 1 2192501 268932
235 1 2192312 268506
236 1 2192140 268123
237 1 2191960 267728
238 1 2191647 266999
253 1 2189516 264593
254 1 2189318 264145
255 1 2189142 263746
256 1 2188873 263147
257 1 2188603 262541
258 1 2188476 262245
259 1 2188339 261936
260 1 2188209 261648
261 1 2187859 261445
262 1 2187644 261188
263 1 2187431 260707
264 1 2187244 260280
265 1 2187038 259802
266 1 2186800 259263
269 1 2186067 258538
270 1 2185075 258976
271 1 2184474 259235
272 1 2184138 259384
273 1 2183788 259548
274 1 2182459 260141
275 1 2182075 260306
276 1 2181694 260470
277 1 2180909 260826
278 1 2180511 261005
279 1 2180120 261172
280 1 2179720 261450
281 1 2179428 261587
282 1 2178232 262084
283 1 2177621 262325
284 1 2177285 262516
285 1 2176436 262872
286 1 2175824 262912
287 1 2175501 262906
288 1 2192887 269671
289 1 2193199 269533
290 1 2193601 269356
291 1 2193997 269179
292 1 2193882 268765
293 1 2193749 268470
294 1 2193537 267994
295 1 2194550 267874
296 1 2194891 268005
297 1 2194813 268845
298 1 2194956 269194
299 1 2195511 269921
300 1 2196492 270283
301 1 2197501 270522
302 1 2197924 270705
303 1 2198586 271166
304 1 2203613 273053
305 1 2207822 274442
306 1 2208188 274490
307 1 2209423 274690
308 1 2209952 274886
309 1 2210258 275046
310 1 2213014 277219
311 1 2188610 262452
312 1 2186398 258387
313 1 2187236 258026
314 1 2187136 257712
315 1 2187032 257446
316 1 2186911 257126
317 1 2186756 256775
318 1 2186643 256525
319 1 2186377 255920
320 1 2186247 255623
321 1 2186525 255078
322 1 2186947 254890
323 1 2188757 254767
324 1 2188998 255299
325 1 2189207 255772
326 1 2189433 256275
327 1 2189566 256572
328 1 2189695 256893
329 1 2189719 257598
330 1 2190139 257909
332 1 2190672 259019
333 1 2190932 259947
334 1 2190973 260349
335 1 2190991 261105
336 1 2190703 261496
337 1 2190845 261886
338 1 2191014 262280
339 1 2191588 263573
340 1 2191770 263987
342 1 2192022 264556
343 1 2192277 265148
344 1 2192521 265692
345 1 2192820 266377
346 1 2193027 266840
347 1 2193223 267284
348 1 2199679 272521
349 1 2186518 256233
350 1 2193509 267929
351 1 2193741 268450
352 1 2193865 268729
353 1 2194031 269103
354 1 2187320 263725
355 1 2187188 263546
356 1 2186875 263403
357 1 2185548 262505
358 1 2184896 261314
359 1 2184474 260366
360 1 2193292 267440
361 1 2193033 266855
362 1 2192866 266479
363 1 2192554 265766
364 1 2192303 265205
365 1 2192077 264681
366 1 2191783 264019
367 1 2191629 263664
368 1 2191446 263251
369 1 2191258 262825
370 1 2191088 262447
371 1 2191025 260990
372 1 2190970 260387
373 1 2190939 259999
374 1 2190849 259419
375 1 2190709 259104
376 1 2190221 258034
377 1 2189724 257616
378 1 2189732 257032
379 1 2189610 256673
380 1 2189476 256372
381 1 2189342 256076
382 1 2189204 255763
383 1 2189070 255463
384 1 2188939 255163
385 1 2187755 254170
386 1 2187367 254340
387 1 2186900 254549
388 1 2186442 254752
389 1 2185998 254950
390 1 2186010 255087
391 1 2186200 255517
392 1 2186341 255838
393 1 2186601 256427
394 1 2186728 256717
395 1 2186861 257014
396 1 2186997 257329
397 1 2187158 257763
398 1 2186911 258166
399 1 2186500 258342
407 1 2179031 259482
408 1 2178382 259773
409 1 2177620 260114
412 1 2177164 260314
413 1 2176826 260460
414 1 2176923 260777
415 1 2177111 261200
423 1 2174844 261386
424 1 2174856 260942
425 1 2174873 260501
426 1 2174919 259965
427 1 2174962 259104
428 1 2174574 256809
429 1 2174435 256506
430 1 2174050 255645
431 1 2173233 253788
432 1 2173094 253475
433 1 2172790 252793
434 1 2172647 252462
435 1 2172009 251035
436 1 2171823 250615
437 1 2171701 250338
439 1 2169759 246928
440 1 2169561 245819
441 1 2169512 245149
442 1 2169491 244869
443 1 2169434 244086
444 1 2169390 243536
445 1 2169345 242883
446 1 2169292 242218
447 1 2169180 241799
448 1 2169069 241441
449 1 2168904 240654
450 1 2168875 239672
451 1 2168835 239159
452 1 2168382 239129
453 1 2168246 238623
454 1 2168570 238552
472 1 2171874 250731
473 1 2172598 252351
474 1 2172762 252728
475 1 2173056 253391
476 1 2173858 255191
477 1 2174140 255851
478 1 2174276 256147
479 1 2174411 256452
480 1 2174551 256756
481 1 2174675 257047
482 1 2175024 257853
483 1 2175163 258535
484 1 2174991 258929
485 1 2174950 259337
486 1 2174916 259982
487 1 2174912 260614
488 1 2174900 261043
489 1 2174881 261567
493 1 2174944 259451
494 1 2175023 258850
495 1 2175356 258640
503 1 2175733 262450
505 1 2183717 263765
507 1 2191102 277365
508 1 2192029 277766
509 1 2195525 290448
511 1 2178745 266680
512 1 2179013 266862
513 1 2179435 267083
514 1 2180025 267343
515 1 2180493 267540
516 1 2180918 267722
517 1 2181144 268326
518 1 2181180 268701
519 1 2181226 269278
520 1 2181368 270011
522 1 2181484 270807
523 1 2181442 271357
524 1 2181189 271881
525 1 2181016 272418
526 1 2180991 272767
527 1 2180953 273224
529 1 2180849 275033
530 1 2181228 275490
531 1 2181825 276309
532 1 2181949 276732
533 1 2182287 277725
534 1 2183157 278470
536 1 2184537 279930
537 1 2184879 280210
538 1 2185301 280578
539 1 2185771 281394
540 1 2186137 282202
541 1 2186342 282856
542 1 2186545 283500
543 1 2187092 284111
544 1 2187809 284353
546 1 2189066 284698
547 1 2189401 284790
549 1 2190675 285172
550 1 2191710 285337
551 1 2192254 285486
552 1 2192684 286175
553 1 2192871 286630
554 1 2193183 287730
556 1 2193510 289082
557 1 2193818 290305
558 1 2195178 291690
559 1 2195159 291209
560 1 2195169 290246
561 1 2193691 293933
562 1 2194484 294009
563 1 2195904 293000
564 1 2195320 291726
568 1 2175022 261947
569 1 2174865 262179
570 1 2193804 290247
571 1 2193700 289837
572 1 2193343 288390
573 1 2193231 287933
574 1 2192873 286636
575 1 2191822 285347
576 1 2191130 285278
577 1 2190868 285218
578 1 2189446 284806
579 1 2189145 284717
580 1 2188820 284656
581 1 2187855 284369
583 1 2186579 283573
584 1 2186473 283290
585 1 2186375 282962
586 1 2186193 282385
587 1 2185821 281491
588 1 2185392 280690
589 1 2185160 280427
590 1 2184731 280111
591 1 2184503 279896
592 1 2184238 279760
593 1 2183205 278518
594 1 2182312 277739
595 1 2181956 276771
596 1 2181849 276371
597 1 2181379 275569
598 1 2180856 275044
599 1 2180952 273255
600 1 2181015 272444
601 1 2181183 271890
602 1 2181439 271386
603 1 2181445 270590
604 1 2181195 269016
605 1 2181158 268446
606 1 2180942 267731
607 1 2180501 267544
608 1 2180071 267362
609 1 2179443 267087
610 1 2178771 266697
611 1 2178334 266374
612 1 2184414 260228
613 1 2185558 262515
614 1 2186767 263361
615 1 2187273 263671
616 1 2188500 263220
617 1 2188787 263097
619 1 2189670 262712
621 1 2190725 262493
626 1 2195824 261069
627 1 2197163 260660
628 1 2197917 260390
629 1 2198473 259989
630 1 2199425 259531
631 1 2200687 259279
632 1 2202232 259435
636 1 2205275 265376
637 1 2204577 265356
638 1 2203891 265377
639 1 2203598 265652
640 1 2203861 265388
641 1 2204956 265330
642 1 2205203 265352
643 1 2205739 265554
665 1 2205234 264217
669 1 2201390 259220
670 1 2200741 259267
671 1 2199518 259510
672 1 2198487 259980
673 1 2197977 260334
675 1 2197214 260662
677 1 2196076 261015
679 1 2195203 261032
683 1 2190791 262463
684 1 2190482 262568
685 1 2189811 262652
687 1 2188946 263030
688 1 2188592 263180
689 1 2187967 263455
690 1 2187328 263722
695 1 2211145 257957
697 1 2211408 258552
698 1 2212437 259246
699 1 2213288 261204
701 1 2213648 262035
702 1 2212132 263228
703 1 2209743 263567
705 1 2208008 263779
709 1 2206776 267833
712 1 2184118 259540
713 1 2176063 262916
716 1 2175968 266137
724 1 2174923 268286
726 1 2174994 268962
727 1 2175042 269534
728 1 2175087 270168
729 1 2175105 270487
730 1 2175424 270494
731 1 2175403 269575
732 1 2175366 268999
733 1 2175312 268314
734 1 2175275 267775
739 1 2175625 266188
740 1 2175978 266136
742 1 2175249 259230
743 1 2175387 256776
744 1 2175019 256945
745 1 2174078 257363
746 1 2173791 257493
747 1 2173503 257667
748 1 2172568 258031
749 1 2172174 258216
750 1 2172200 258676
751 1 2172369 258859
752 1 2172309 259183
753 1 2172068 259937
754 1 2172423 260459
755 1 2172425 261008
756 1 2171990 260462
757 1 2172093 259778
758 1 2172314 259179
759 1 2172523 259204
760 1 2172844 259744
761 1 2173303 259285
762 1 2173394 259160
763 1 2174003 258869
764 1 2173665 258034
765 1 2173757 257508
766 1 2174560 257148
767 1 2174956 256973
768 1 2175262 256835
769 1 2175545 256704
771 1 2175796 257772
773 1 2174967 261007
774 1 2186830 268961
775 1 2186992 269318
776 1 2187339 270102
777 1 2188056 271712
778 1 2188814 273411
779 1 2196144 279453
780 1 2195095 278669
782 1 2189268 274430
783 1 2185225 264733
784 1 2178208 262217
789 1 2174854 262518
793 1 2174796 262821
794 1 2174829 261870
795 1 2174934 259795
796 1 2174490 259375
800 1 2175788 257805
801 1 2175115 263192
802 1 2176592 265872
803 1 2175109 263389
805 1 2175537 258761
806 1 2176023 258954
807 1 2176197 259290
808 1 2176317 259552
811 1 2177117 259375
812 1 2177497 259207
813 1 2178344 258860
814 1 2178844 258635
815 1 2179153 258496
816 1 2179534 258324
817 1 2179873 258170
818 1 2180341 257965
819 1 2182126 257131
820 1 2182366 256991
821 1 2182703 256796
822 1 2183159 256577
823 1 2183525 256415
824 1 2183944 256230
825 1 2184358 256046
826 1 2184758 255867
827 1 2185190 255673
828 1 2185736 255427
829 1 2186031 255296
830 1 2187395 254687
831 1 2187977 254759
832 1 2188263 254997
833 1 2189802 254721
834 1 2191566 253606
835 1 2191831 253453
836 1 2192601 253066
837 1 2193430 252908
838 1 2193753 252625
839 1 2194248 252281
840 1 2194723 252035
841 1 2195227 251817
842 1 2195628 251478
843 1 2195950 250946
844 1 2196110 250479
845 1 2196695 249912
846 1 2196968 249707
848 1 2197693 249268
849 1 2197948 249142
850 1 2198350 248941
851 1 2198756 248738
852 1 2199172 248530
854 1 2199908 248145
855 1 2200256 247983
856 1 2200598 247832
857 1 2201216 247556
858 1 2201441 247461
859 1 2201704 247344
860 1 2202501 247362
861 1 2202769 247463
867 1 2205977 246949
868 1 2205714 247366
869 1 2204794 248629
870 1 2205481 249447
871 1 2205896 249766
872 1 2206371 250146
873 1 2207307 250869
874 1 2208228 251581
875 1 2208753 251984
876 1 2209128 252281
877 1 2209718 252739
879 1 2211216 253894
880 1 2211812 254353
881 1 2212323 254751
882 1 2213887 255921
883 1 2214384 256301
884 1 2215749 257412
885 1 2216558 258038
886 1 2217077 258434
887 1 2217733 258943
888 1 2217998 259148
889 1 2218396 259455
890 1 2218689 259681
891 1 2219109 260008
892 1 2219407 260009
894 1 2220225 259658
897 1 2221463 258591
898 1 2221277 258220
900 1 2216078 250261
901 1 2216474 250342
902 1 2217423 250217
903 1 2218445 249679
905 1 2219611 248798
907 1 2220401 248369
908 1 2221555 247655
923 1 2221759 255734
924 1 2222116 256540
925 1 2222383 257148
926 1 2220541 259523
927 1 2220139 259694
928 1 2218967 259897
929 1 2218400 259458
930 1 2218024 259168
931 1 2217354 258649
932 1 2216553 258034
933 1 2215755 257417
934 1 2214448 256354
935 1 2212412 254816
936 1 2211884 254408
939 1 2209794 252799
941 1 2208628 251890
943 1 2207328 250884
946 1 2205334 249331
947 1 2204976 248455
948 1 2205722 247355
951 1 2204468 246681
952 1 2202774 247465
953 1 2202400 247324
954 1 2201855 247279
955 1 2201250 247540
956 1 2200668 247801
957 1 2200306 247961
959 1 2199225 248503
960 1 2198819 248706
961 1 2198463 248886
962 1 2197957 249138
963 1 2197020 249670
964 1 2196533 250036
966 1 2195967 250902
967 1 2195662 251425
968 1 2195344 251751
969 1 2194832 251982
970 1 2194513 252144
971 1 2194019 252400
972 1 2193495 252887
975 1 2191635 253571
976 1 2189575 254859
977 1 2188803 255154
978 1 2188451 255315
979 1 2188083 255470
980 1 2187513 255721
981 1 2186914 255986
982 1 2186554 256146
983 1 2186111 256343
984 1 2185715 256516
985 1 2185259 256716
986 1 2184842 256901
987 1 2184434 257083
988 1 2184012 257267
989 1 2183658 257427
990 1 2183264 257602
991 1 2182654 257867
992 1 2181187 258507
993 1 2180636 258749
994 1 2180264 258919
995 1 2179331 259342
996 1 2176407 260656
997 1 2175858 261042
998 1 2175537 261029
999 1 2175247 261016
1003 1 2221349 254817
1004 1 2221083 254213
1015 1 2221465 247716
1016 1 2220765 248171
1017 1 2220191 248483
1018 1 2219716 248741
1019 1 2219009 249232
1020 1 2218645 249533
1021 1 2218097 249882
1022 1 2217514 250175
1023 1 2216467 250340
1025 1 2176559 260091
1026 1 2176749 260399
1027 1 2177492 262031
1028 1 2184141 259593
1029 1 2184841 261194
1033 1 2195369 255122
1034 1 2195464 255355
1035 1 2195595 255679
1036 1 2195739 256881
1038 1 2196044 257816
1039 1 2196281 258591
1040 1 2196408 258975
1041 1 2196587 259368
1042 1 2196701 260276
1043 1 2195053 261622
1044 1 2195246 262157
1047 1 2195064 263708
1048 1 2195486 263549
1049 1 2195748 263348
1051 1 2195590 267399
1052 1 2194970 267987
1054 1 2197589 268836
1055 1 2198625 268435
1057 1 2199450 268033
1058 1 2199575 267209
1059 1 2199471 266438
1060 1 2199095 265583
1061 1 2198590 264458
1064 1 2197584 262499
1065 1 2197211 261710
1070 1 2196677 259796
1071 1 2196603 259406
1072 1 2196435 259042
1073 1 2196290 258617
1074 1 2196057 257862
1075 1 2196009 257531
1076 1 2195793 256952
1077 1 2195482 256413
1078 1 2195609 255730
1079 1 2195389 255171
1080 1 2195149 254650
1082 1 2194568 253311
1084 1 2176402 256317
1085 1 2176864 256111
1086 1 2177266 255927
1087 1 2177640 255751
1088 1 2178017 255585
1089 1 2178413 255404
1090 1 2179033 255122
1091 1 2179548 254895
1092 1 2180034 254678
1093 1 2181031 254244
1094 1 2181568 254021
1095 1 2181878 253892
1096 1 2182493 253625
1097 1 2182818 253485
1099 1 2184025 252979
1100 1 2184579 252748
1101 1 2184869 252622
1102 1 2185182 252481
1103 1 2185815 252207
1104 1 2186236 252023
1105 1 2186576 251874
1106 1 2187152 251617
1107 1 2186963 251071
1108 1 2186782 250745
1109 1 2186648 250500
1110 1 2186456 250080
1111 1 2186251 249630
1112 1 2186081 249279
1113 1 2185674 249356
1115 1 2183654 248743
1116 1 2183540 248471
1117 1 2183422 248201
1118 1 2183304 247933
1119 1 2183394 247499
1120 1 2183731 247347
1121 1 2184956 246791
1122 1 2184824 246432
1123 1 2184638 246013
1124 1 2184454 245597
1125 1 2184272 245186
1126 1 2184077 244743
1127 1 2183917 244369
1128 1 2183623 243693
1129 1 2183428 243256
1130 1 2183350 242858
1131 1 2182899 241819
1132 1 2182699 241370
1133 1 2182483 240879
1134 1 2182283 240389
1136 1 2181658 238691
1139 1 2184254 252886
1142 1 2181840 239390
1143 1 2181978 239704
1144 1 2182106 239997
1145 1 2182233 240276
1146 1 2182442 240781
1147 1 2182656 241271
1148 1 2183180 242462
1149 1 2183303 242749
1150 1 2183406 242985
1151 1 2183558 243547
1152 1 2183864 244243
1153 1 2184042 244666
1154 1 2184225 245078
1155 1 2184401 245475
1156 1 2184581 245884
1157 1 2184766 246301
1159 1 2183150 247566
1160 1 2183251 247807
1161 1 2183379 248104
1162 1 2183508 248395
1163 1 2183604 248626
1164 1 2183770 248982
1168 1 2186599 250403
1169 1 2186920 250994
1171 1 2186798 251777
1172 1 2186209 252035
1173 1 2185797 252215
1174 1 2185384 252392
1175 1 2184986 252570
1177 1 2184121 252940
1178 1 2183686 253123
1179 1 2183289 253291
1180 1 2182858 253469
1181 1 2182456 253642
1183 1 2181097 254216
1184 1 2180633 254416
1185 1 2180281 254572
1186 1 2179770 254798
1187 1 2179238 255030
1188 1 2178968 255152
1189 1 2178427 255398
1190 1 2177992 255596
1191 1 2177344 255891
1192 1 2176967 256066
1193 1 2176511 256268
1194 1 2175342 259348
1195 1 2175635 259227
1196 1 2175850 259119
1197 1 2176015 259042
1198 1 2176254 258935
1199 1 2176508 258822
1200 1 2176746 258713
1201 1 2177639 258300
1202 1 2178204 258021
1203 1 2178755 257751
1204 1 2179198 257554
1205 1 2179618 257365
1206 1 2179997 257197
1207 1 2179487 255834
1209 1 2179060 254797
1210 1 2178925 254486
1211 1 2178450 253410
1214 1 2179574 251994
1215 1 2179956 251824
1216 1 2180302 251667
1217 1 2180534 251564
1218 1 2181148 251304
1219 1 2181573 251129
1220 1 2182015 250947
1221 1 2182704 250660
1224 1 2184130 250033
1225 1 2183820 249092
1226 1 2183175 247624
1227 1 2182917 247023
1228 1 2182782 246708
1229 1 2182680 246454
1230 1 2182412 245811
1231 1 2182272 245485
1232 1 2182149 245197
1233 1 2181966 244702
1234 1 2181773 244256
1236 1 2181245 243847
1237 1 2180910 243996
1238 1 2180572 243550
1239 1 2180651 243088
1240 1 2180726 242640
1241 1 2180804 242189
1242 1 2180880 241745
1243 1 2181006 240993
1244 1 2181122 240361
1245 1 2181212 239846
1246 1 2181569 239046
1247 1 2181763 238379
1253 1 2181457 239251
1254 1 2181287 239560
1255 1 2181188 239972
1256 1 2181131 240303
1257 1 2181072 240619
1258 1 2181022 240896
1259 1 2180935 241416
1261 1 2180754 242480
1262 1 2180677 242938
1264 1 2180894 243549
1265 1 2181170 243781
1267 1 2181789 244217
1268 1 2181914 244582
1269 1 2182118 245051
1270 1 2182251 245437
1271 1 2182433 245859
1272 1 2182609 246280
1273 1 2182757 246646
1274 1 2182897 246977
1275 1 2183133 247525
1276 1 2183924 250124
1278 1 2183037 250519
1279 1 2182778 250629
1282 1 2181231 251270
1283 1 2180922 251396
1284 1 2180632 251521
1285 1 2179988 251809
1286 1 2179625 251971
1287 1 2179137 252190
1288 1 2178788 252341
1289 1 2178527 252615
1290 1 2178343 252904
1291 1 2178439 253383
1292 1 2178876 254375
1294 1 2179127 254966
1296 1 2179450 255735
1297 1 2180052 257130
1299 1 2179805 257704
1300 1 2179450 257869
1301 1 2179045 258051
1302 1 2178268 258391
1303 1 2177817 258581
1304 1 2177443 258751
1305 1 2177059 258925
1307 1 2176457 259196
1308 1 2176237 259296
1309 1 2175841 259472
1310 1 2175433 259659
1351 1 2175136 262575
1353 1 2175219 259925
1354 1 2175214 260144
1355 1 2170952 248923
1357 1 2175857 256920
1358 1 2170963 248932
1360 1 2179439 261582
1361 1 2175197 260638
1365 1 2187015 259752
1366 1 2186746 259132
1369 1 2180051 261207
1371 1 2208777 274554
1372 1 2206925 274141
1380 1 2186871 258183
1383 1 2191212 262722
1384 1 2194145 267717
1386 1 2200598 272550
1387 1 2204130 273159
1388 1 2204685 273279
1391 1 2186464 256117
1394 1 2190874 261950
1395 1 2190692 261556
1396 1 2190470 258642
1397 1 2179196 255129
1398 1 2182994 250538
1399 1 2183305 250400
1400 1 2183321 250393
1401 1 2182141 250895
1406 1 2175069 257956
1407 1 2174730 257185
1409 1 2174166 255907
1410 1 2173904 255294
1411 1 2171494 249882
1412 1 2168899 240315
1415 1 2173199 253712
1417 1 2175126 262853
1420 1 2181306 269679
1421 1 2188793 284651
1422 1 2193271 288094
1423 1 2195512 290475
1424 1 2181430 270494
1425 1 2193761 292770
1429 1 2176921 265709
1431 1 2193150 287602
1435 1 2204971 265326
1441 1 2208774 263676
1442 1 2208248 264617
1443 1 2208750 265778
1458 1 2174427 267414
1459 1 2175834 257241
1460 1 2174755 257062
1461 1 2175916 256535
1462 1 2175871 256729
1465 1 2221798 262076
1466 1 2222899 262769
1468 1 2225688 264470
1469 1 2227315 264320
1470 1 2225727 264454
1471 1 2223698 263265
1472 1 2221791 262071
1473 1 2220452 261043
1474 1 2176552 259639
1475 1 2176350 259626
1477 1 2206334 250116
1482 1 2220414 261014
1485 1 2220748 259430
1486 1 2176446 240413
1487 1 2175402 254629
1488 1 2170339 247988
1489 1 2195110 254558
1490 1 2196769 260585
1492 1 2195670 266886
1493 1 2198353 263933
1494 1 2195478 255388
1496 1 2183239 253313
1498 1 2181999 239751
1499 1 2175995 256499
1501 1 2182876 241767
1502 1 2184899 246813
1503 1 2186184 249490
1504 1 2184421 252815
1505 1 2181752 253945
1515 1 2190369 262577
1516 1 2197465 260657
1524 1 2196847 260692
1532 1 2174916 260239
1535 1 2174937 259638
1537 1 2174813 262343
1538 1 2174391 259635
1539 1 2174661 259705
1545 1 2192808 253020
1547 1 2195455 261071
1548 1 2185017 249637
1550 1 2184907 261342
1551 1 2194273 252646
1555 1 2175184 261181
1556 1 2186439 250041
1557 1 2175820 257455
1558 1 2183496 253204
1559 1 2181680 239024
1560 1 2175283 259000
1565 1 2174479 263081
1566 1 2174480 263066
1567 1 2178613 258243
1573 1 2191044 277327
1575 1 2184606 260668
1578 1 2210869 253629
1579 1 2175193 260922
1582 1 2171211 249246
1583 1 2186482 258452
1584 1 2186691 258994
1589 1 2175166 261358
1592 1 2179015 252244
1593 1 2190510 258682
1595 1 2175111 263315
1596 1 2176481 265929
1609 1 2204391 265286
1655 1 2176416 265961
1659 1 2195736 263321
1660 1 2195100 261071
1661 1 2209640 255395
1662 1 2208994 253056
1663 1 2208701 252335
1664 1 2208505 251853
1665 1 2208152 251030
1666 1 2208854 250674
1667 1 2209101 251166
1668 1 2208378 251503
1669 1 2208563 252006
1670 1 2208990 253048
1671 1 2209643 255427
1672 1 2210738 257133
1683 1 2169793 247275
1684 1 2170604 248585
1694 1 2173310 267967
1701 1 2182159 237674
1706 1 2182031 238171
1707 1 2181879 238477
1708 1 2181633 238928
1709 1 2209296 257622
1710 1 2181778 237887
1713 1 2175458 258692
1731 1 2175911 240941
1733 1 2193744 253558
1734 1 2194165 254603
1735 1 2194531 255416
1746 1 2221742 271729
1748 1 2182046 244105
1749 1 2181881 243609
1750 1 2181588 243692
1751 1 2181475 243742
1752 1 2181812 243598
1753 1 2182079 244060
1754 1 2227467 266006
1755 1 2221022 270180
1756 1 2221735 271732
1757 1 2225282 269508
1758 1 2227471 269673
1759 1 2229449 271582
1760 1 2221737 271731
1797 1 2176028 241212
1819 1 2204442 245683
1820 1 2204442 245683
1821 1 2173761 268367
1823 1 2174876 261817
1825 1 2174258 267429
1827 1 2173048 268246
1832 1 2195732 256871
1834 1 2200572 259303
1835 1 2200067 258201
1836 1 2202163 257362
1837 1 2175079 262414
1838 1 2174756 262407
1839 1 2174980 266510
1840 1 2175438 266314
1842 1 2196574 260796
1843 1 2195958 257321
1844 1 2196696 260233
1845 1 2196865 260913
1846 1 2197030 261275
1848 1 2204145 247112
1849 1 2204439 246720
1850 1 2204667 246246
1853 1 2203407 247702
1860 1 2207522 251034
1862 1 2187277 255825
1865 1 2174558 262462
1866 1 2175287 266304
1867 1 2174433 262399
1868 1 2174433 262399
1870 1 2187669 264519
1872 1 2175167 261523
1873 1 2203574 247763
1874 1 2175837 257189
1875 1 2219849 259818
1876 1 2226507 263605
1877 1 2226507 263605
1878 1 2226507 263605
1880 1 2220779 253498
1882 1 2226507 263605
1883 1 2226507 263605
1884 1 2226507 263605
1885 1 2226507 263605
1889 1 2204214 247042
1891 1 2173102 239062
1892 1 2173539 239998
1899 1 2176282 240484
1908 1 2218914 249312
1909 1 2220098 248533
1910 1 2222102 246873
1911 1 2192110 253290
1912 1 2170910 246346
1913 1 2169964 246297
1914 1 2169883 247423
1915 1 2173296 239449
1916 1 2173681 266063
1917 1 2221300 254707
1918 1 2204055 262099
1919 1 2206049 246688
1922 1 2183721 263766
