id node_id
1 1842
2 26568
10 16043
11 20946
12 20982
13 21120
14 21263
15 21375
16 21043
17 21220
18 21322
19 19183
20 26107
21 18810
22 16524
23 14238
24 26889
25 30365
26 16880
27 17847
28 17942
29 14405
30 24526
31 18712
32 20007
33 20177
34 20176
35 20262
36 15634
37 25795
38 15697
39 20271
40 29671
41 33276
42 21542
43 20033
44 21591
45 21021
46 29696
47 16212
48 16101
49 16119
50 25200
51 18963
52 18836
53 29555
54 18951
55 21834
56 29469
57 22055
58 19584
59 28312
60 19624
61 19949
62 19892
63 20197
64 26121
65 19911
66 20209
67 19728
68 27905
69 15665
70 19854
71 25816
72 19356
73 15597
74 15933
75 15801
76 15784
77 29026
78 15645
79 14277
80 29505
81 20270
82 25966
83 29525
84 20289
85 20379
86 20491
87 20388
88 29484
89 20647
90 20978
91 21098
92 29475
93 21151
94 21188
95 22148
96 32871
97 28361
98 29614
99 18773
100 31516
101 30357
102 31799
103 27545
104 26430
105 30369
106 19928
107 29600
108 20348
109 25331
110 25221
111 19075
112 19092
113 19415
114 19540
115 19673
116 19617
117 19336
118 19410
119 16353
120 16381
121 20078
122 20426
123 25214
124 16075
125 16012
126 25786
127 15947
128 16153
129 15787
130 15917
131 24655
132 21258
133 28641
134 21150
135 22405
136 28267
137 25308
138 26605
139 22846
140 18361
141 18093
142 27318
143 27044
144 12431
145 12484
146 31607
147 26628
148 12700
149 27351
150 19102
151 26134
152 29065
153 20210
154 16321
155 18900
156 18841
157 18979
158 18912
159 29766
160 19247
161 32920
162 25568
163 25564
164 31271
165 29601
166 20541
167 20582
168 32076
169 13372
170 18800
171 19400
172 19399
173 19462
174 19024
175 28321
176 19917
177 20131
178 19981
179 26128
180 20217
181 20326
182 28946
183 20926
184 22047
185 18368
186 22927
187 28173
188 18351
189 25825
190 27140
191 22614
192 26630
193 26627
194 12911
195 27103
196 31577
197 22834
198 27230
199 23379
200 26715
201 12577
202 20308
203 21340
204 21959
205 22145
206 31285
207 25731
208 29592
209 21302
210 20689
211 21516
212 15910
213 29456
214 26201
215 16969
216 17044
217 15280
218 17216
219 17160
220 14601
221 25762
222 21234
223 20799
224 29274
225 20279
226 25418
227 21168
228 16115
229 19398
230 19344
231 19122
232 18822
233 18089
234 31675
235 18340
236 16144
237 18855
238 28998
239 29093
240 19677
241 19508
242 12886
243 26623
244 24461
245 26640
246 27717
247 14745
248 14699
249 14800
250 14936
251 14898
252 32765
253 25933
254 25767
255 8632
256 26572
257 8658
258 8683
259 8670
260 8694
261 26549
262 8690
263 17419
264 16431
265 19719
266 19611
267 20347
268 15516
269 15463
270 28789
271 25256
272 25252
273 28996
274 16194
275 25823
276 28158
277 22708
278 18029
279 18351
280 18147
281 22366
282 25776
283 28687
284 26326
285 16648
286 24432
287 24534
288 31611
289 17417
290 15083
291 25383
292 15270
293 14784
294 15135
295 25146
296 14961
297 15123
298 17425
299 17450
300 29190
301 22579
302 18325
303 28052
304 27747
305 25261
306 19402
307 29319
308 22958
309 23690
310 16633
311 28989
312 22424
313 15443
314 13571
315 26491
316 23624
317 14816
318 28351
319 29666
320 15114
321 15139
322 28358
323 14320
324 15267
325 27433
326 17054
327 17093
328 32822
329 28824
330 17857
331 17923
332 27157
333 23263
334 25401
335 25406
336 20327
337 29330
338 18589
339 22528
340 22531
341 21531
342 20750
343 20669
344 27606
345 25745
346 25327
347 24972
348 21066
349 28383
350 20655
351 21191
352 21387
353 18967
354 28768
355 20854
356 20886
357 21433
358 21391
359 21112
360 21351
361 21707
362 21449
363 21172
364 21492
365 24652
366 18688
367 29352
368 29690
369 27951
370 23712
371 23422
372 23663
373 26723
374 22717
375 31316
376 22469
377 29610
378 22470
379 22415
380 22448
381 24784
382 29436
383 25090
384 24573
385 24928
386 25915
387 22168
388 27987
389 18593
390 23948
391 24050
392 21758
393 24363
394 18442
395 23920
396 24048
397 24142
398 24228
399 24316
400 24325
401 24347
402 17479
403 26731
404 12842
405 25725
406 14083
407 14133
408 14122
409 14096
410 14180
411 15423
412 15692
413 29923
414 16347
415 16135
416 21968
417 22237
418 22109
419 22264
420 22284
421 29441
422 29454
423 24668
424 24703
425 24752
426 22398
427 22428
428 29438
429 22439
430 24693
431 24742
432 20648
433 20260
434 31257
435 20875
436 20732
437 22153
438 21574
439 22225
440 21812
441 21927
442 29471
443 22067
444 23912
445 23899
446 23937
447 24005
448 23867
449 23990
450 22039
451 21686
452 22105
453 22039
454 22076
455 32523
456 21877
457 22152
458 24111
459 23917
460 783
461 23686
462 22874
463 13736
464 23605
465 13775
466 16612
467 27276
468 23434
469 22870
470 13643
471 13660
472 22218
473 22286
474 22343
475 28486
476 28799
477 29437
478 18445
479 20744
480 20924
481 29496
482 20680
483 21339
484 21164
485 21239
486 21337
487 21534
488 20289
489 29496
490 20517
491 20320
492 29536
493 20474
494 24538
495 22261
496 24218
497 24254
498 24198
499 24161
500 5598
501 24187
502 21822
503 32917
504 28430
505 21890
506 21692
507 24150
508 24151
509 24258
510 13680
511 13737
512 13703
513 17771
514 14446
515 31696
516 27895
517 13594
518 29908
519 33124
520 28646
521 25006
522 24959
523 25008
524 25001
525 25035
526 24903
527 24872
528 25049
529 25095
530 25082
531 2193
532 25123
533 25132
534 24778
535 29537
536 20972
537 25603
538 24217
539 24318
540 28021
541 24392
542 24093
543 24377
544 28011
545 15521
546 29232
547 33318
548 14123
549 14165
550 14173
551 31386
552 22956
553 15999
554 20703
555 21037
556 21067
557 21518
558 21518
559 21236
560 21405
561 29579
562 20660
563 20821
564 20747
565 20877
566 20896
567 20975
568 20950
569 21038
570 22010
571 24707
572 21673
573 25902
574 24085
575 17360
576 31746
577 12885
578 24455
579 24486
580 16322
581 23772
582 26475
583 25307
584 33119
585 26492
586 26493
587 26534
588 33378
589 13390
590 12271
591 27813
592 13123
593 13130
594 22303
595 31703
596 19392
597 21296
598 29192
599 21309
600 21217
601 21520
602 30525
603 28038
604 12948
605 12991
606 22974
607 12487
608 27460
609 12536
610 30378
611 27257
612 22876
613 22423
614 16278
615 31127
616 31436
617 15465
618 20054
619 28580
620 20183
621 18976
622 16321
623 19242
624 19333
625 26080
626 29793
627 20463
628 20520
629 20547
630 20083
631 20264
632 29504
633 29499
634 31208
635 25051
636 24893
637 25109
638 21665
639 22166
640 26212
641 25428
642 15099
643 30401
644 32933
645 22881
646 8681
647 27619
648 27602
649 14255
650 14228
651 20615
652 14265
653 19131
654 19059
655 14210
656 14212
657 33382
658 14270
659 16049
660 27625
661 26425
662 26301
663 12866
664 16871
665 26435
666 31627
667 31610
668 31564
669 25195
670 16779
671 16829
672 16883
673 19329
674 19328
675 19431
676 33068
677 19741
678 19485
679 25558
680 8573
681 19413
682 33164
683 29122
684 22347
685 22368
686 22365
687 22282
688 15332
689 25343
690 24714
691 24577
692 24575
693 24754
694 21753
695 15310
696 15914
697 15583
698 13520
699 14032
700 17428
701 31713
702 12338
703 12195
704 31642
705 31641
706 31658
707 8596
708 22982
709 26551
710 8629
711 30482
712 27443
713 18458
714 18447
715 18608
716 21733
717 23908
718 23998
719 24085
720 18962
721 21154
722 18229
723 20969
724 21001
725 16269
726 21801
727 26604
728 22355
729 24671
730 24874
731 25013
732 18694
733 24083
734 18568
735 21991
736 22196
737 22091
738 21858
739 22001
740 21876
741 22001
742 22186
743 24091
744 23916
745 24128
746 16047
747 16218
748 15796
749 31847
750 13659
751 26290
752 16563
753 16576
754 16591
755 27870
756 15386
757 13595
758 26489
759 31694
760 17836
761 15512
762 19121
763 20262
764 23557
765 12568
766 31658
767 12198
768 8629
769 8638
770 8631
771 31659
772 31709
773 13122
774 13144
775 13328
776 23565
777 13356
778 27341
779 15501
780 29627
781 29417
782 29419
783 25110
784 24698
785 29616
786 24846
787 24955
788 14265
789 14278
790 25897
791 30716
792 33172
793 31751
794 12577
795 23115
796 28364
797 27890
798 15687
799 23792
800 21591
801 19891
802 20636
803 25970
804 20590
805 19646
806 29513
807 21886
808 22800
809 25887
810 26399
811 13193
812 17438
813 17442
814 27805
815 15516
816 25023
817 24973
818 22363
819 21980
820 24668
821 29449
822 23654
823 14299
824 29380
825 18390
826 31361
827 17436
828 17461
829 13220
830 17446
831 8614
832 14464
833 33354
834 14421
835 14050
836 24906
837 24939
838 24888
839 25070
840 24933
841 24880
842 22408
843 29252
844 24766
845 24899
846 24828
847 2200
848 22353
849 22375
850 28445
851 22237
852 29444
853 24570
854 24777
855 24683
856 24290
857 12172
858 24247
859 24124
860 24236
861 5598
862 24095
863 24054
864 24197
865 24148
866 33005
867 23832
868 24667
869 15532
870 16750
871 16852
872 16877
873 29574
874 15540
875 28843
876 28500
877 13405
878 13392
879 13415
880 12565
881 12763
882 12244
883 28654
884 32913
885 26270
886 28807
887 16243
888 14271
889 20808
890 20907
891 29607
892 21304
893 28289
894 22382
895 17556
896 17493
897 18704
898 12425
899 14543
900 25942
901 21116
902 28851
903 31110
904 16235
905 22178
906 17684
907 23815
908 17315
909 31725
910 15362
911 27803
912 26538
913 14037
914 13892
915 14546
916 19801
917 29629
918 25696
919 28810
920 22405
921 24641
922 22348
923 24774
924 28767
925 16420
926 16233
927 14258
928 18353
929 22887
930 13945
931 26503
932 12405
933 8548
934 27336
935 12257
936 24724
937 24882
938 20122
939 20274
940 20560
941 22297
942 21651
943 22226
944 21939
945 22313
946 22459
947 24635
948 24705
949 24826
950 29410
951 20773
952 20810
953 29485
954 21050
955 20342
956 29597
957 20553
958 20594
959 29430
960 24297
961 29464
962 29470
963 22208
964 23906
965 24382
966 24046
967 32955
968 32082
969 19869
970 18939
971 29281
972 18891
973 19063
974 18990
975 19326
976 28481
977 19746
978 32439
979 19502
980 25556
981 19614
982 19824
983 23518
984 12564
985 13471
986 12620
987 16239
988 19862
989 19291
990 25253
991 17923
992 15584
993 25104
994 25122
995 29715
996 24668
997 28438
998 29452
999 22249
1000 22442
1001 22451
1002 20866
1003 28494
1004 26106
1005 25310
1006 22379
1007 26228
1008 19077
1009 28051
1010 27525
1011 17689
1012 22493
1013 27362
1014 26457
1015 14132
1016 15374
1017 25618
1018 26202
1019 24589
1020 22406
1021 25378
1022 17488
1023 14841
1024 13922
1025 13967
1026 14023
1027 32892
1028 32425
1029 24679
1030 24759
1031 29621
1032 21674
1033 21606
1034 22262
1035 22314
1036 22286
1037 25985
1038 20907
1039 21015
1040 21044
1041 20739
1042 21175
1043 21095
1044 21610
1045 21212
1046 16164
1047 22200
1048 29136
1049 17987
1050 33344
1051 22728
1052 12380
1053 27916
1054 13381
1055 13430
1056 13488
1057 22327
1058 24578
1059 24612
1060 24994
1061 25035
1062 25127
1063 25073
1064 19293
1065 18361
1066 20550
1067 20644
1068 29484
1069 21087
1070 29586
1071 29582
1072 21473
1073 21772
1074 26971
1075 22796
1076 17597
1077 27679
1078 25734
1079 33396
1080 31056
1081 15559
1082 15542
1083 28574
1084 15587
1085 15754
1086 15612
1087 25333
1088 23128
1089 23130
1090 12462
1091 12346
1092 12761
1093 12775
1094 15741
1095 15839
1096 23081
1097 16474
1098 15975
1099 15463
1100 22307
1101 22354
1102 22369
1103 22414
1104 24663
1105 24852
1106 29737
1107 20686
1108 20429
1109 20568
1110 31227
1111 29508
1112 20550
1113 20598
1114 20989
1115 28394
1116 21357
1117 22766
1118 31357
1119 24661
1120 18140
1121 18787
1122 26417
1123 30337
1124 31565
1125 31610
1126 18763
1127 25719
1128 23686
1129 23777
1130 13068
1131 27919
1132 17412
1133 13836
1134 20628
1135 25343
1136 24674
1137 24729
1138 24713
1139 22386
1140 21826
1141 14879
1142 14714
1143 28926
1144 14648
1145 14693
1146 14805
1147 32341
1148 25257
1149 29404
1150 29701
1151 15464
1152 25252
1153 22328
1154 24688
1155 24823
1156 24769
1157 20706
1158 29493
1159 19003
1160 16492
1161 20301
1162 20405
1163 20349
1164 27304
1165 12445
1166 12628
1167 27862
1168 12779
1169 12798
1170 12856
1171 20801
1172 20860
1173 29476
1174 20961
1175 20895
1176 21117
1177 29583
1178 21447
1179 25057
1180 25728
1181 18477
1182 19170
1183 20028
1184 29759
1185 27040
1186 18777
1187 31598
1188 18776
1189 27679
1190 23058
1191 31537
1192 32134
1193 22500
1194 16736
1195 16857
1196 22834
1197 16825
1198 20485
1199 33154
1200 21585
1201 29755
1202 32492
1203 19865
1204 19813
1205 19021
1206 26072
1207 20408
1208 20465
1209 29815
1210 20476
1211 20464
1212 20636
1213 29532
1214 29531
1215 20264
1216 27628
1217 12846
1218 22694
1219 25193
1220 28701
1221 15518
1222 19721
1223 16070
1224 29566
1225 28325
1226 18832
1227 16070
1228 15503
1229 15658
1230 32417
1231 22315
1232 22167
1233 21724
1234 22137
1235 22376
1236 22462
1237 24636
1238 22353
1239 24733
1240 25121
1241 29583
1242 21346
1243 22357
1244 28399
1245 29700
1246 25286
1247 24368
1248 24386
1249 20997
1250 18791
1251 17700
1252 16923
1253 23809
1254 23745
1255 18518
1256 22717
1257 27700
1258 22423
1259 22554
1260 15354
1261 32367
1262 15269
1263 26510
1264 32654
1265 8704
1266 20065
1267 15700
1268 29098
1269 31678
1270 16920
1271 20883
1272 21283
1273 21154
1274 21190
1275 20644
1276 20568
1277 24804
1278 24834
1279 21422
1280 24704
1281 24741
1282 29433
1283 26231
1284 19229
1285 27075
1286 23514
1287 13421
1288 23623
1289 13319
1290 22887
1291 21260
1292 21120
1293 20709
1294 15998
1295 15803
1296 14179
1297 18829
1298 14192
1299 23639
1300 14279
1301 14287
1302 27121
1303 17507
1304 16909
1305 27051
1306 26434
1307 12180
1308 6850
1309 27462
1310 22789
1311 20566
1312 20590
1313 20656
1314 20726
1315 25223
1316 21819
1317 21934
1318 21741
1319 28722
1320 22161
1321 24628
1322 29661
1323 15357
1324 29666
1325 22411
1326 22466
1327 22330
1328 13173
1329 12640
1330 12733
1331 27201
1332 22883
1333 15831
1334 16139
1335 15846
1336 15957
1337 18931
1338 19172
1339 18930
1340 20065
1341 25291
1342 15948
1343 21366
1344 21246
1345 21126
1346 21316
1347 29738
1348 25701
1349 18639
1350 22011
1351 22234
1352 21295
1353 20918
1354 25385
1355 26987
1356 26883
1357 16837
1358 6850
1359 26482
1360 12875
1361 16539
1362 14122
1363 27917
1364 29799
1365 16315
1366 28516
1367 15799
1368 16174
1369 16178
1370 16048
1371 15966
1372 16152
1373 13473
1374 12840
1375 27651
1376 12322
1377 13338
1378 23575
1379 15918
1380 15728
1381 32474
1382 29096
1383 20496
1384 17845
1385 22329
1386 24958
1387 25320
1388 25008
1389 25476
1390 25039
1391 24994
1392 20555
1393 21115
1394 24983
1395 32669
1396 14763
1397 32960
1398 27389
1399 32898
1400 14422
1401 8664
1402 16281
1403 14273
1404 29607
1405 20651
1406 20722
1407 21220
1408 21143
1409 21367
1410 20725
1411 25003
1412 16232
1413 25303
1414 25303
1415 33039
1416 25738
1417 31564
1418 22791
1419 31692
1420 30362
1421 31646
1422 17827
1423 17885
1424 31746
1425 25486
1426 17332
1427 28554
1428 15538
1429 16383
1430 29541
1431 16254
1432 16005
1433 18814
1434 18900
1435 16505
1436 18938
1437 18859
1438 29468
1439 21923
1440 21857
1441 29765
1442 13174
1443 13310
1444 12494
1445 13315
1446 33354
1447 20235
1448 20460
1449 20302
1450 20784
1451 20844
1452 20385
1453 20527
1454 20958
1455 20609
1456 20786
1457 29397
1458 29645
1459 31186
1460 20452
1461 31228
1462 24756
1463 22400
1464 25130
1465 25099
1466 25107
1467 25078
1468 25103
1469 20536
1470 22304
1471 25108
1472 22088
1473 25962
1474 21523
1475 20681
1476 20681
1477 21684
1478 12236
1479 12461
1480 18360
1481 12406
1482 14128
1483 15523
1484 15491
1485 28308
1486 25570
1487 20054
1488 18932
1489 29467
1490 21815
1491 25226
1492 21928
1493 31261
1494 19685
1495 19459
1496 17606
1497 33221
1498 12832
1499 13503
1500 29376
1501 25542
1502 23192
1503 24941
1504 25005
1505 25118
1506 5390
1507 24896
1508 20553
1509 25837
1510 20951
1511 12405
1512 17455
1513 12696
1514 30469
1515 17452
1516 26506
1517 28733
1518 17479
1519 18805
1520 25499
1521 29533
1522 29514
1523 29500
1524 20341
1525 20472
1526 29596
1527 21006
1528 22293
1529 24561
1530 29406
1531 29426
1532 29422
1533 21333
1534 29584
1535 22431
1536 29442
1537 22427
1538 25203
1539 17375
1540 18725
1541 18197
1542 31517
1543 22794
1544 30368
1545 30358
1546 22496
1547 19623
1548 26122
1549 19795
1550 19597
1551 19073
1552 20015
1553 26121
1554 25223
1555 29755
1556 21498
1557 29590
1558 31295
1559 29589
1560 19060
1561 19247
1562 19539
1563 19387
1564 19531
1565 19572
1566 19572
1567 19067
1568 26510
1569 13153
1570 13388
1571 22882
1572 32577
1573 29645
1574 19174
1575 19406
1576 26224
1577 20037
1578 16921
1579 26247
1580 20379
1581 20489
1582 20677
1583 20459
1584 20742
1585 21576
1586 21206
1587 21514
1588 21444
1589 24180
1590 18614
1591 23852
1592 31660
1593 31654
1594 22674
1595 22747
1596 16834
1597 17852
1598 13022
1599 28286
1600 19363
1601 19972
1602 20045
1603 20053
1604 21964
1605 32929
1606 29027
1607 25212
1608 13238
1609 23151
1610 23135
1611 27343
1612 16083
1613 15992
1614 15882
1615 15689
1616 23262
1617 25228
1618 25041
1619 25096
1620 18361
1621 22814
1622 28837
1623 29567
1624 20365
1625 19921
1626 19743
1627 18499
1628 18502
1629 15650
1630 25796
1631 15730
1632 21231
1633 25233
1634 25977
1635 29414
1636 27603
1637 20089
1638 20549
1639 28091
1640 18294
1641 22478
1642 18393
1643 26428
1644 12461
1645 12461
1646 27316
1647 12400
1648 12426
1649 19562
1650 31060
1651 19979
1652 20121
1653 20299
1654 26109
1655 19838
1656 16256
1657 28242
1658 28590
1659 20313
1660 29559
1661 20130
1662 20513
1663 25560
1664 31421
1665 22436
1666 17461
1667 23456
1668 30431
1669 13239
1670 27768
1671 26551
1672 30439
1673 20255
1674 29552
1675 16021
1676 29571
1677 22070
1678 28382
1679 28383
1680 20616
1681 21016
1682 21196
1683 31049
1684 20838
1685 20884
1686 21022
1687 21144
1688 21144
1689 21144
1690 20811
1691 20811
1692 14248
1693 18362
1694 16481
1695 33265
1696 24072
1697 26896
1698 26447
1699 33398
1700 17864
1701 14369
1702 27115
1703 15308
1704 15336
1705 15420
1706 15453
1707 15453
1708 15709
1709 25535
1710 16771
1711 30118
1712 25551
1713 31399
1714 31404
1715 20049
1716 31347
1717 19997
1718 15213
1719 12604
1720 13473
1721 13317
1722 27251
1723 12579
1724 12563
1725 20048
1726 25526
1727 15879
1728 15918
1729 15865
1730 15974
1731 15990
1732 31377
1733 20204
1734 25062
1735 28988
1736 29685
1737 26194
1738 25409
1739 27249
1740 20651
1741 20817
1742 20847
1743 16186
1744 19967
1745 15898
1746 15823
1747 15939
1748 15975
1749 16195
1750 15633
1751 20073
1752 20263
1753 16294
1754 29376
1755 19014
1756 16136
1757 25774
1758 17994
1759 24723
1760 18300
1761 31685
1762 22636
1763 23350
1764 18397
1765 18040
1766 21854
1767 31166
1768 22351
1769 16287
1770 12449
1771 31555
1772 12527
1773 27042
1774 27023
1775 22831
1776 31747
1777 26619
1778 32722
1779 31421
1780 32921
1781 21666
1782 28312
1783 26208
1784 21930
1785 14628
1786 13254
1787 23482
1788 27803
1789 17449
1790 32343
1791 13115
1792 27764
1793 19337
1794 21191
1795 21544
1796 25437
1797 20867
1798 21465
1799 20908
1800 21333
1801 18203
1802 18370
1803 17973
1804 22973
1805 16118
1806 22292
1807 18586
1808 18642
1809 27986
1810 14371
1811 31548
1812 26686
1813 15770
1814 15810
1815 15972
1816 16277
1817 16033
1818 28591
1819 19765
1820 31133
1821 20239
1822 19173
1823 32368
1824 16493
1825 19639
1826 14594
1827 15187
1828 14858
1829 28924
1830 14766
1831 30419
1832 27060
1833 31707
1834 26551
1835 12534
1836 12533
1837 31738
1838 19322
1839 20074
1840 20378
1841 20578
1842 27581
1843 19958
1844 25702
1845 25997
1846 20871
1847 20716
1848 20855
1849 29358
1850 31672
1851 15899
1852 32092
1853 19372
1854 19221
1855 19518
1856 20335
1857 20229
1858 19877
1859 20587
1860 16312
1861 25188
1862 29818
1863 19517
1864 29351
1865 26625
1866 12817
1867 26614
1868 27223
1869 17581
1870 27633
1871 31614
1872 12748
1873 17690
1874 26171
1875 12937
1876 26172
1877 17129
1878 17030
1879 14489
1880 15166
1881 14892
1882 15064
1883 23478
1884 13894
1885 25139
1886 13974
1887 14693
1888 13475
1889 14051
1890 32995
1891 12241
1892 31738
1893 32997
1894 16431
1895 29570
1896 16534
1897 18820
1898 19785
1899 21388
1900 25698
1901 25056
1902 22267
1903 31704
1904 25492
1905 23314
1906 24064
1907 27968
1908 23828
1909 24103
1910 17935
1911 18708
1912 24513
1913 16572
1914 17771
1915 29276
1916 16517
1917 29550
1918 19629
1919 19680
1920 19415
1921 19761
1922 19313
1923 29022
1924 19410
1925 16343
1926 28925
1927 15042
1928 15070
1929 25889
1930 14970
1931 22799
1932 8666
1933 8678
1934 8683
1935 30465
1936 26551
1937 30408
1938 20600
1939 21202
1940 25540
1941 19726
1942 28746
1943 20962
1944 20814
1945 21467
1946 20731
1947 21512
1948 21631
1949 20903
1950 21527
1951 21230
1952 20828
1953 21229
1954 25728
1955 28056
1956 18333
1957 24332
1958 21403
1959 24108
1960 25190
1961 20771
1962 21023
1963 20999
1964 21119
1965 21046
1966 19204
1967 32833
1968 29749
1969 29521
1970 18941
1971 16304
1972 18149
1973 25170
1974 26238
1975 20510
1976 18111
1977 22935
1978 24851
1979 24797
1980 28094
1981 28061
1982 24429
1983 27667
1984 23365
1985 26597
1986 16716
1987 15145
1988 14501
1989 14453
1990 14846
1991 25948
1992 31355
1993 14624
1994 14526
1995 14581
1996 25847
1997 14779
1998 14773
1999 14747
2000 13280
2001 22783
2002 12633
2003 19276
2004 19699
2005 19656
2006 19650
2007 28304
2008 20205
2009 20316
2010 18829
2011 16506
2012 18962
2013 18880
2014 26144
2015 20853
2016 21086
2017 21424
2018 25274
2019 16145
2020 29260
2021 16384
2022 23849
2023 23838
2024 24023
2025 18742
2026 28087
2027 30367
2028 16684
2029 13746
2030 16589
2031 16570
2032 26278
2033 16370
2034 28482
2035 28480
2036 19789
2037 19889
2038 19799
2039 18959
2040 31063
2041 17247
2042 14542
2043 14655
2044 17548
2045 26267
2046 14775
2047 8658
2048 13280
2049 12346
2050 30486
2051 14036
2052 30473
2053 30454
2054 24865
2055 18868
2056 18873
2057 18937
2058 21782
2059 29759
2060 26601
2061 18245
2062 28254
2063 16501
2064 24191
2065 25184
2066 21024
2067 16525
2068 29751
2069 19212
2070 19246
2071 19314
2072 19381
2073 19262
2074 19423
2075 20462
2076 25983
2077 20387
2078 17817
2079 32762
2080 15472
2081 15473
2082 28790
2083 25254
2084 23039
2085 18909
2086 30651
2087 19088
2088 28250
2089 18260
2090 28957
2091 28050
2092 17562
2093 27054
2094 30365
2095 23685
2096 27249
2097 15091
2098 14313
2099 15193
2100 15174
2101 16972
2102 26377
2103 32677
2104 17014
2105 8702
2106 26965
2107 27324
2108 12562
2109 30398
2110 12553
2111 30453
2112 28276
2113 20581
2114 20444
2115 22333
2116 22334
2117 21801
2118 21532
2119 21007
2120 21260
2121 28266
2122 28157
2123 29350
2124 18015
2125 24300
2126 27990
2127 16658
2128 7437
2129 26431
2130 31609
2131 12413
2132 31611
2133 23751
2134 16556
2135 13563
2136 13643
2137 13634
2138 13609
2139 19649
2140 28298
2141 32472
2142 20029
2143 20012
2144 20063
2145 20475
2146 19829
2147 16429
2148 25653
2149 28592
2150 25156
2151 14983
2152 14062
2153 16248
2154 16193
2155 18916
2156 28598
2157 31029
2158 28353
2159 26197
2160 21441
2161 21107
2162 28258
2163 19023
2164 19166
2165 19164
2166 28726
2167 28962
2168 21101
2169 25646
2170 21271
2171 21576
2172 21323
2173 21344
2174 21428
2175 21528
2176 25394
2177 25807
2178 25258
2179 15463
2180 28793
2181 23337
2182 23225
2183 31507
2184 22119
2185 23940
2186 24263
2187 18612
2188 18624
2189 21642
2190 26184
2191 28919
2192 16627
2193 25668
2194 31474
2195 13036
2196 22874
2197 13607
2198 13660
2199 13678
2200 13685
2201 13760
2202 13632
2203 12937
2204 22692
2205 12962
2206 15146
2207 17135
2208 17145
2209 17240
2210 17179
2211 30382
2212 26954
2213 12250
2214 20789
2215 25598
2216 22255
2217 28399
2218 21502
2219 27644
2220 30504
2221 28299
2222 19782
2223 22709
2224 23223
2225 18061
2226 18127
2227 21681
2228 22104
2229 18610
2230 23856
2231 24012
2232 32881
2233 31653
2234 12424
2235 12441
2236 27577
2237 12508
2238 27054
2239 12460
2240 23430
2241 22878
2242 13759
2243 15569
2244 15751
2245 28461
2246 29124
2247 19214
2248 19868
2249 32462
2250 32447
2251 14318
2252 12244
2253 31760
2254 18806
2255 16523
2256 16374
2257 19171
2258 19308
2259 26197
2260 28612
2261 20710
2262 21586
2263 18243
2264 18366
2265 22453
2266 20017
2267 15431
2268 19940
2269 32721
2270 32689
2271 17858
2272 18998
2273 32411
2274 20152
2275 19931
2276 32435
2277 20330
2278 21267
2279 21227
2280 20806
2281 21413
2282 21774
2283 21338
2284 21259
2285 21250
2286 21607
2287 24096
2288 30139
2289 23750
2290 23800
2291 13773
2292 23705
2293 31694
2294 22818
2295 27917
2296 14135
2297 13693
2298 23585
2299 22877
2300 22782
2301 19089
2302 15455
2303 14158
2304 15180
2305 27191
2306 17159
2307 25854
2308 26335
2309 12317
2310 25256
2311 29000
2312 28362
2313 22420
2314 19004
2315 26146
2316 18288
2317 17994
2318 29044
2319 5565
2320 24680
2321 23825
2322 23965
2323 24207
2324 22022
2325 21840
2326 22144
2327 22253
2328 24019
2329 24144
2330 21646
2331 26887
2332 12877
2333 13039
2334 13066
2335 28648
2336 25511
2337 23595
2338 13821
2339 15505
2340 14113
2341 16045
2342 28405
2343 19989
2344 21004
2345 19521
2346 26075
2347 28460
2348 20286
2349 28470
2350 21957
2351 26333
2352 17078
2353 17062
2354 17011
2355 30398
2356 13125
2357 13121
2358 13151
2359 13152
2360 31470
2361 13957
2362 26968
2363 20317
2364 20282
2365 24784
2366 24623
2367 24625
2368 24824
2369 20370
2370 29760
2371 25171
2372 24622
2373 21746
2374 28022
2375 21466
2376 17928
2377 18949
2378 20812
2379 21189
2380 21544
2381 20655
2382 25998
2383 21077
2384 21387
2385 28210
2386 16512
2387 31092
2388 18928
2389 18933
2390 29286
2391 21823
2392 22856
2393 18661
2394 18548
2395 18555
2396 18691
2397 23877
2398 24365
2399 18561
2400 23906
2401 23945
2402 24160
2403 24340
2404 15346
2405 15548
2406 14094
2407 15284
2408 15387
2409 15629
2410 28754
2411 15521
2412 15323
2413 27919
2414 23640
2415 14194
2416 15921
2417 31035
2418 16298
2419 16176
2420 12597
2421 15369
2422 13551
2423 14413
2424 26505
2425 13994
2426 14666
2427 17404
2428 12346
2429 30451
2430 32089
2431 24562
2432 24699
2433 29434
2434 14250
2435 14287
2436 23642
2437 24648
2438 29095
2439 22601
2440 18358
2441 28694
2442 24334
2443 21822
2444 25198
2445 23954
2446 21717
2447 21658
2448 5555
2449 24343
2450 24226
2451 24180
2452 24089
2453 21961
2454 26716
2455 22774
2456 12953
2457 12977
2458 27500
2459 26973
2460 13053
2461 13809
2462 13828
2463 13821
2464 16092
2465 16600
2466 13582
2467 23649
2468 29069
2469 21237
2470 32715
2471 33273
2472 31218
2473 26132
2474 31088
2475 32112
2476 29504
2477 31381
2478 31142
2479 23812
2480 17036
2481 14911
2482 12982
2483 14367
2484 13185
2485 13230
2486 13195
2487 20407
2488 20290
2489 20407
2490 24771
2491 25018
2492 22410
2493 24601
2494 14192
2495 24559
2496 24775
2497 24675
2498 18685
2499 23825
2500 23898
2501 24423
2502 21774
2503 21707
2504 21913
2505 22075
2506 22132
2507 22102
2508 22189
2509 24036
2510 24081
2511 24162
2512 23885
2513 24044
2514 24181
2515 24162
2516 24272
2517 11998
2518 24374
2519 23953
2520 32909
2521 28008
2522 21903
2523 29037
2524 33064
2525 17953
2526 12877
2527 12434
2528 26889
2529 12387
2530 23241
2531 31661
2532 12333
2533 17892
2534 24517
2535 18778
2536 28083
2537 26299
2538 22678
2539 30551
2540 26631
2541 7441
2542 6852
2543 22790
2544 12333
2545 31564
2546 23000
2547 27203
2548 26450
2549 16885
2550 16845
2551 16865
2552 16856
2553 8684
2554 27127
2555 28401
2556 23390
2557 17372
2558 26424
2559 22493
2560 31457
2561 22489
2562 22796
2563 18754
2564 30348
2565 26466
2566 12213
2567 12400
2568 12414
2569 12493
2570 12487
2571 12243
2572 31513
2573 12527
2574 31542
2575 31541
2576 27586
2577 22502
2578 22687
2579 27484
2580 22825
2581 23005
2582 27568
2583 12857
2584 23352
2585 12912
2586 12958
2587 30369
2588 14407
2589 12923
2590 18716
2591 12508
2592 27521
2593 18280
2594 18331
2595 17760
2596 28669
2597 27232
2598 31793
2599 12970
2600 31600
2601 28037
2602 17885
2603 17563
2604 12459
2605 26698
2606 12961
2607 12977
2608 23017
2609 31432
2610 14130
2611 13010
2612 13777
2613 22554
2614 22822
2615 16575
2616 16622
2617 13765
2618 16642
2619 16611
2620 13667
2621 13615
2622 13711
2623 13671
2624 27693
2625 13724
2626 23602
2627 13799
2628 13064
2629 17716
2630 17706
2631 28189
2632 27246
2633 19090
2634 28111
2635 14111
2636 14169
2637 27919
2638 14151
2639 16000
2640 23596
2641 13018
2642 32972
2643 15971
2644 32596
2645 22877
2646 13055
2647 32697
2648 12503
2649 28495
2650 15378
2651 25944
2652 25719
2653 23763
2654 23791
2655 23784
2656 23713
2657 22646
2658 12707
2659 27699
2660 30387
2661 26501
2662 28195
2663 14079
2664 15400
2665 15452
2666 15355
2667 15343
2668 15374
2669 25365
2670 16179
2671 16467
2672 25202
2673 16275
2674 16275
2675 31284
2676 16555
2677 16557
2678 23416
2679 13809
2680 26724
2681 22199
2682 13040
2683 22878
2684 16087
2685 13673
2686 15380
2687 15381
2688 17151
2689 17203
2690 30335
2691 28910
2692 17051
2693 22949
2694 13530
2695 12560
2696 12832
2697 30460
2698 30468
2699 8701
2700 13285
2701 29445
2702 29460
2703 24563
2704 22442
2705 24596
2706 24609
2707 29580
2708 18879
2709 29834
2710 22465
2711 24544
2712 29502
2713 25060
2714 22239
2715 29507
2716 24015
2717 18595
2718 22665
2719 24321
2720 21732
2721 23837
2722 22123
2723 22106
2724 16891
2725 24499
2726 33301
2727 26696
2728 27722
2729 16834
2730 31666
2731 17684
2732 17096
2733 14820
2734 17173
2735 17130
2736 15264
2737 14571
2738 15083
2739 23161
2740 31698
2741 31658
2742 16357
2743 20001
2744 18266
2745 19300
2746 24094
2747 18674
2748 23947
2749 23959
2750 24248
2751 26889
2752 16886
2753 15315
2754 15698
2755 15638
2756 28755
2757 16263
2758 22689
2759 22960
2760 22961
2761 32546
2762 29234
2763 13734
2764 27879
2765 13767
2766 13655
2767 13097
2768 13807
2769 13083
2770 13828
2771 13851
2772 13865
2773 28773
2774 13025
2775 13852
2776 22733
2777 22689
2778 15488
2779 23748
2780 23802
2781 23649
2782 16592
2783 25434
2784 26285
2785 28224
2786 31069
2787 15723
2788 15695
2789 28523
2790 14995
2791 14470
2792 14908
2793 28764
2794 28358
2795 15276
2796 14322
2797 14323
2798 12788
2799 12819
2800 14334
2801 16967
2802 16994
2803 17089
2804 17993
2805 18506
2806 16037
2807 15700
2808 19406
2809 19605
2810 15679
2811 15941
2812 28945
2813 29261
2814 29260
2815 16354
2816 16355
2817 19433
2818 19097
2819 22283
2820 22069
2821 24022
2822 24218
2823 12180
2824 12342
2825 26829
2826 27126
2827 14363
2828 12297
2829 31495
2830 12429
2831 25956
2832 27719
2833 16559
2834 13722
2835 13793
2836 16598
2837 16601
2838 16636
2839 13651
2840 13615
2841 13668
2842 13728
2843 13776
2844 22955
2845 15471
2846 15520
2847 14090
2848 14119
2849 31037
2850 14160
2851 14186
2852 13843
2853 16017
2854 22792
2855 15500
2856 15461
2857 31416
2858 19804
2859 33319
2860 19574
2861 25536
2862 31137
2863 19484
2864 19499
2865 19664
2866 31057
2867 20178
2868 29817
2869 19920
2870 19904
2871 28284
2872 20192
2873 20038
2874 24541
2875 21785
2876 22198
2877 28567
2878 21904
2879 28409
2880 25648
2881 24589
2882 24714
2883 27954
2884 17264
2885 32914
2886 17558
2887 12850
2888 25879
2889 30006
2890 28745
2891 32769
2892 14976
2893 19659
2894 33339
2895 19127
2896 19127
2897 32376
2898 15774
2899 16305
2900 19779
2901 15696
2902 15927
2903 28756
2904 25819
2905 19213
2906 31201
2907 20344
2908 21080
2909 29340
2910 24287
2911 22110
2912 21773
2913 21838
2914 24292
2915 24119
2916 12254
2917 12429
2918 30354
2919 26435
2920 12992
2921 12480
2922 27283
2923 23351
2924 12927
2925 20504
2926 20526
2927 20469
2928 20485
2929 20442
2930 20511
2931 20888
2932 21197
2933 21666
2934 21661
2935 21847
2936 31418
2937 20106
2938 15677
2939 31111
2940 24580
2941 22394
2942 24575
2943 24991
2944 21999
2945 21920
2946 19198
2947 15327
2948 15799
2949 15914
2950 19951
2951 19876
2952 20070
2953 20189
2954 19868
2955 20520
2956 20665
2957 19867
2958 31254
2959 31410
2960 28700
2961 21342
2962 20081
2963 20161
2964 29487
2965 29591
2966 32507
2967 16302
2968 16291
2969 31124
2970 14358
2971 26388
2972 26410
2973 14969
2974 17588
2975 17013
2976 26504
2977 16380
2978 28324
2979 28539
2980 25232
2981 19670
2982 25218
2983 19815
2984 20377
2985 20350
2986 20232
2987 20292
2988 25473
2989 25821
2990 33135
2991 24422
2992 24266
2993 21329
2994 23928
2995 18597
2996 20708
2997 15377
2998 31788
2999 25667
3000 15740
3001 13770
3002 17741
3003 29088
3004 27453
3005 22779
3006 23415
3007 25865
3008 12796
3009 29946
3010 25356
3011 25769
3012 15280
3013 28560
3014 14720
3015 15194
3016 26363
3017 28873
3018 23811
3019 12751
3020 14318
3021 30322
3022 17101
3023 26397
3024 33061
3025 12833
3026 12428
3027 12230
3028 8707
3029 31641
3030 27059
3031 30411
3032 26541
3033 12503
3034 13307
3035 23472
3036 26517
3037 13178
3038 12404
3039 26531
3040 27770
3041 13234
3042 17453
3043 8606
3044 14498
3045 13985
3046 14041
3047 14080
3048 14040
3049 22887
3050 13875
3051 13874
3052 13890
3053 31718
3054 23144
3055 13363
3056 13368
3057 13438
3058 22882
3059 22982
3060 12324
3061 27825
3062 13216
3063 30434
3064 27196
3065 13376
3066 20287
3067 20425
3068 20654
3069 20940
3070 20963
3071 19270
3072 19270
3073 25421
3074 17917
3075 19237
3076 19445
3077 19036
3078 18934
3079 18972
3080 18893
3081 16520
3082 19226
3083 19237
3084 19205
3085 19194
3086 25446
3087 20718
3088 20923
3089 26765
3090 27383
3091 18127
3092 19239
3093 24914
3094 24812
3095 17514
3096 14614
3097 25628
3098 23732
3099 13258
3100 13246
3101 32991
3102 12245
3103 27854
3104 12336
3105 12402
3106 13389
3107 19422
3108 19217
3109 19603
3110 20347
3111 20439
3112 28790
3113 28793
3114 28826
3115 24984
3116 22548
3117 7891
3118 18463
3119 18430
3120 18409
3121 18487
3122 21601
3123 30270
3124 24307
3125 18531
3126 28417
3127 16935
3128 22642
3129 17774
3130 22757
3131 33300
3132 27096
3133 23676
3134 23721
3135 27332
3136 17409
3137 12502
3138 23115
3139 16554
3140 14150
3141 8624
3142 8649
3143 8684
3144 26574
3145 30480
3146 16296
3147 25687
3148 17923
3149 28796
3150 15472
3151 28996
3152 25251
3153 19118
3154 15685
3155 19873
3156 18341
3157 18398
3158 18570
3159 18634
3160 24179
3161 27051
3162 17367
3163 17373
3164 18697
3165 14147
3166 14180
3167 15428
3168 15576
3169 22695
3170 27078
3171 13540
3172 30431
3173 32960
3174 27340
3175 14653
3176 14494
3177 16003
3178 15582
3179 20721
3180 20586
3181 20399
3182 19743
3183 22922
3184 31266
3185 22125
3186 15476
3187 16757
3188 19885
3189 19843
3190 28483
3191 29059
3192 32940
3193 23176
3194 16074
3195 25282
3196 19277
3197 28984
3198 21030
3199 21404
3200 20839
3201 20767
3202 28393
3203 22861
3204 29329
3205 30688
3206 19112
3207 18340
3208 18642
3209 24283
3210 30177
3211 24441
3212 28042
3213 18724
3214 28036
3215 22477
3216 14622
3217 13979
3218 23544
3219 13112
3220 8700
3221 27834
3222 13485
3223 13486
3224 27781
3225 13492
3226 12309
3227 26923
3228 12722
3229 19446
3230 16454
3231 28707
3232 16494
3233 18950
3234 29879
3235 19438
3236 19502
3237 19569
3238 19543
3239 25558
3240 19737
3241 19414
3242 19715
3243 32373
3244 26074
3245 26074
3246 26947
3247 13184
3248 13301
3249 27390
3250 27626
3251 13253
3252 13353
3253 21417
3254 31097
3255 18823
3256 16486
3257 28598
3258 22204
3259 24603
3260 24728
3261 17329
3262 25487
3263 22762
3264 18776
3265 17853
3266 12352
3267 17563
3268 15994
3269 29649
3270 16423
3271 18919
3272 19159
3273 16502
3274 16379
3275 21928
3276 19082
3277 16408
3278 18849
3279 19865
3280 19363
3281 29601
3282 26109
3283 33146
3284 19083
3285 19053
3286 19116
3287 19363
3288 29522
3289 19444
3290 19315
3291 19680
3292 19488
3293 19571
3294 16353
3295 16332
3296 19694
3297 19882
3298 19294
3299 20944
3300 20246
3301 29065
3302 20338
3303 20442
3304 20915
3305 26071
3306 21795
3307 32842
3308 20019
3309 19980
3310 31059
3311 26209
3312 25594
3313 26068
3314 22058
3315 21982
3316 28406
3317 22248
3318 26207
3319 24542
3320 30407
3321 14018
3322 13945
3323 13968
3324 14440
3325 14621
3326 13174
3327 13177
3328 27769
3329 24811
3330 24776
3331 29609
3332 29420
3333 28435
3334 24783
3335 24875
3336 25136
3337 29577
3338 24996
3339 25016
3340 28711
3341 24985
3342 29427
3343 24908
3344 29253
3345 24999
3346 22145
3347 26115
3348 22193
3349 29462
3350 23178
3351 16501
3352 30575
3353 33215
3354 29048
3355 22796
3356 12941
3357 22860
3358 31737
3359 28099
3360 18762
3361 31635
3362 23351
3363 31540
3364 16857
3365 28587
3366 29556
3367 29114
3368 19310
3369 31136
3370 31055
3371 29765
3372 29114
3373 20516
3374 19578
3375 33159
3376 31420
3377 32921
3378 18844
3379 18894
3380 24730
3381 25563
3382 21018
3383 28849
3384 22449
3385 28241
3386 14592
3387 15056
3388 17198
3389 17194
3390 26338
3391 28348
3392 14827
3393 15138
3394 17130
3395 22700
3396 13953
3397 14469
3398 17173
3399 22692
3400 12840
3401 12854
3402 14887
3403 14832
3404 14852
3405 25870
3406 22725
3407 32604
3408 27196
3409 27611
3410 30397
3411 23492
3412 12306
3413 8654
3414 23455
3415 13171
3416 13202
3417 13923
3418 23565
3419 27392
3420 15360
3421 15335
3422 8581
3423 15403
3424 22337
3425 22394
3426 22404
3427 24549
3428 24647
3429 25091
3430 21819
3431 21846
3432 29461
3433 26115
3434 15929
3435 18982
3436 21954
3437 29458
3438 19701
3439 17441
3440 27308
3441 30386
3442 26935
3443 12295
3444 22071
3445 22456
3446 22389
3447 24663
3448 29449
3449 26113
3450 24655
3451 24617
3452 24805
3453 25605
3454 20797
3455 20694
3456 22297
3457 21734
3458 21734
3459 26114
3460 22086
3461 22251
3462 28489
3463 18532
3464 12882
3465 12891
3466 27459
3467 17391
3468 24528
3469 7955
3470 22500
3471 23236
3472 27784
3473 26916
3474 13935
3475 14545
3476 23536
3477 23483
3478 27960
3479 13343
3480 19874
3481 20082
3482 20642
3483 31414
3484 29742
3485 20081
3486 20182
3487 29600
3488 20196
3489 20196
3490 19837
3491 19964
3492 16399
3493 22365
3494 28798
3495 16440
3496 19069
3497 19103
3498 12451
3499 27655
3500 13369
3501 23516
3502 13480
3503 29612
3504 24836
3505 25475
3506 14305
3507 26126
3508 29733
3509 21020
3510 21412
3511 29741
3512 20414
3513 20649
3514 29431
3515 24916
3516 25072
3517 24932
3518 5390
3519 24884
3520 25098
3521 10803
3522 29246
3523 20489
3524 20550
3525 29501
3526 20793
3527 20803
3528 18535
3529 18459
3530 22104
3531 22716
3532 21070
3533 25843
3534 21076
3535 31755
3536 23026
3537 12435
3538 27044
3539 12966
3540 19006
3541 19429
3542 19558
3543 19310
3544 19769
3545 19079
3546 16394
3547 16472
3548 16484
3549 19814
3550 19808
3551 19768
3552 15800
3553 21592
3554 29519
3555 28269
3556 20246
3557 20427
3558 19755
3559 25535
3560 16352
3561 12674
3562 26939
3563 12767
3564 31738
3565 26922
3566 13325
3567 12695
3568 20939
3569 20939
3570 21283
3571 20912
3572 20970
3573 20936
3574 20705
3575 20783
3576 20783
3577 20848
3578 21078
3579 22853
3580 20310
3581 29707
3582 31704
3583 21418
3584 21680
3585 20445
3586 19831
3587 21477
3588 20669
3589 21062
3590 21102
3591 21082
3592 21433
3593 21529
3594 21803
3595 12523
3596 12638
3597 23004
3598 12870
3599 27575
3600 24516
3601 14400
3602 17468
3603 26961
3604 14538
3605 27628
3606 14007
3607 27801
3608 27391
3609 16446
3610 29540
3611 19757
3612 19975
3613 29672
3614 25593
3615 29604
3616 28470
3617 29254
3618 24588
3619 31295
3620 22042
3621 20219
3622 28700
3623 20743
3624 19829
3625 12563
3626 12725
3627 13516
3628 31658
3629 12774
3630 12537
3631 23452
3632 12198
3633 33111
3634 21490
3635 16185
3636 14231
3637 21110
3638 21110
3639 14187
3640 19059
3641 14304
3642 21474
3643 21213
3644 21484
3645 25179
3646 24598
3647 21792
3648 21594
3649 22757
3650 24524
3651 12420
3652 12954
3653 27350
3654 26642
3655 12926
3656 12921
3657 28238
3658 28872
3659 25761
3660 28147
3661 15296
3662 25855
3663 29747
3664 19516
3665 16457
3666 19669
3667 32863
3668 29456
3669 31380
3670 21031
3671 32479
3672 25355
3673 25654
3674 20108
3675 28592
3676 22275
3677 25649
3678 26205
3679 22295
3680 26200
3681 13237
3682 32997
3683 12779
3684 27828
3685 27741
3686 13462
3687 13970
3688 22978
3689 12258
3690 21047
3691 28274
3692 20824
3693 21303
3694 21174
3695 21547
3696 25128
3697 31703
3698 29681
3699 16435
3700 25914
3701 18879
3702 32858
3703 16458
3704 20430
3705 29588
3706 12176
3707 29316
3708 22216
3709 22847
3710 23902
3711 24136
3712 24109
3713 27456
3714 18311
3715 12908
3716 17581
3717 13379
3718 26195
3719 22658
3720 22553
3721 18415
3722 18016
3723 29348
3724 18376
3725 19257
3726 12460
3727 16652
3728 16720
3729 31569
3730 17594
3731 12179
3732 29666
3733 15877
3734 15556
3735 18963
3736 21905
3737 19594
3738 19848
3739 19894
3740 20141
3741 20141
3742 19867
3743 21946
3744 21981
3745 20061
3746 19901
3747 29590
3748 28306
3749 28306
3750 20308
3751 29487
3752 20239
3753 12640
3754 27782
3755 32741
3756 22676
3757 12580
3758 12837
3759 22899
3760 12497
3761 23352
3762 21017
3763 22706
3764 25346
3765 33113
3766 21586
3767 21587
3768 19752
3769 28268
3770 29760
3771 14253
3772 18723
3773 26320
3774 12179
3775 12210
3776 12233
3777 31626
3778 31624
3779 31598
3780 12461
3781 26135
3782 26203
3783 19804
3784 16950
3785 19635
3786 20275
3787 18999
3788 19038
3789 31335
3790 12730
3791 32587
3792 14056
3793 32996
3794 13471
3795 13325
3796 23637
3797 25255
3798 28996
3799 20135
3800 15432
3801 23909
3802 24042
3803 21663
3804 21668
3805 25183
3806 28448
3807 22144
3808 21993
3809 23977
3810 32551
3811 24233
3812 24350
3813 24304
3814 24040
3815 27685
3816 16619
3817 12842
3818 12754
3819 31695
3820 22816
3821 14077
3822 15347
3823 15427
3824 8596
3825 8549
3826 18505
3827 25295
3828 15745
3829 26252
3830 19270
3831 19897
3832 15650
3833 28232
3834 16038
3835 15916
3836 15916
3837 19208
3838 25686
3839 25894
3840 19527
3841 18960
3842 19468
3843 19495
3844 28251
3845 19235
3846 12884
3847 23057
3848 17585
3849 29624
3850 30521
3851 26895
3852 12920
3853 20539
3854 25553
3855 19082
3856 19657
3857 19477
3858 19622
3859 19199
3860 29515
3861 19429
3862 19693
3863 28590
3864 16417
3865 19990
3866 20121
3867 26110
3868 19718
3869 16497
3870 20158
3871 25533
3872 25572
3873 28566
3874 12578
3875 12538
3876 13416
3877 23481
3878 12519
3879 12541
3880 27613
3881 8552
3882 33002
3883 25603
3884 14178
3885 14278
3886 14250
3887 14247
3888 16395
3889 16290
3890 14236
3891 20528
3892 20840
3893 20723
3894 20824
3895 21088
3896 25092
3897 24821
3898 16203
3899 16290
3900 16205
3901 31654
3902 30363
3903 26436
3904 30354
3905 16927
3906 18732
3907 28099
3908 18754
3909 22794
3910 22794
3911 19001
3912 16894
3913 19440
3914 28516
3915 28309
3916 19437
3917 28298
3918 32837
3919 25733
3920 26177
3921 32442
3922 19613
3923 25222
3924 33038
3925 20193
3926 15669
3927 20363
3928 31641
3929 31707
3930 22982
3931 8622
3932 8625
3933 26554
3934 8670
3935 8688
3936 30435
3937 19859
3938 16171
3939 26167
3940 25599
3941 15958
3942 17916
3943 28533
3944 25011
3945 24054
3946 24187
3947 24257
3948 24219
3949 24331
3950 24312
3951 24320
3952 18590
3953 24177
3954 21464
3955 24369
3956 23952
3957 15425
3958 15435
3959 31041
3960 16444
3961 15283
3962 16503
3963 16443
3964 16499
3965 27895
3966 13818
3967 16621
3968 13774
3969 13705
3970 13740
3971 13747
3972 22948
3973 27159
3974 14788
3975 30316
3976 17685
3977 12834
3978 16966
3979 14776
3980 28381
3981 14837
3982 14617
3983 17300
3984 15025
3985 25270
3986 26332
3987 14313
3988 22903
3989 17016
3990 16032
3991 15674
3992 29393
3993 19994
3994 15851
3995 16147
3996 16012
3997 15731
3998 28860
3999 21327
4000 18192
4001 18103
4002 18314
4003 23102
4004 22521
4005 27578
4006 18335
4007 24622
4008 24543
4009 24642
4010 23332
4011 12493
4012 17554
4013 26619
4014 26677
4015 27376
4016 17627
4017 12999
4018 19443
4019 19969
4020 20397
4021 33157
4022 21817
4023 21904
4024 32448
4025 31422
4026 28847
4027 21738
4028 21571
4029 32725
4030 14039
4031 32540
4032 27653
4033 12563
4034 26961
4035 32078
4036 22725
4037 32663
4038 29514
4039 28280
4040 29472
4041 29452
4042 24702
4043 22432
4044 24762
4045 29578
4046 29421
4047 21167
4048 29587
4049 33040
4050 29615
4051 30375
4052 12201
4053 12212
4054 27625
4055 12399
4056 12448
4057 31552
4058 27046
4059 22731
4060 22731
4061 12457
4062 29123
4063 20959
4064 28405
4065 32486
4066 31221
4067 26124
4068 20294
4069 20467
4070 20583
4071 19860
4072 25552
4073 26078
4074 33350
4075 29670
4076 8695
4077 8627
4078 8640
4079 8684
4080 26533
4081 31698
4082 13128
4083 13118
4084 25316
4085 22845
4086 28382
4087 21132
4088 21701
4089 20862
4090 21008
4091 18924
4092 18943
4093 16476
4094 28751
4095 26604
4096 21350
4097 21605
4098 24209
4099 18583
4100 22538
4101 22790
4102 17945
4103 13750
4104 27874
4105 23415
4106 13741
4107 13648
4108 8564
4109 16617
4110 13762
4111 13700
4112 14565
4113 14435
4114 14917
4115 14918
4116 17064
4117 32104
4118 17159
4119 31454
4120 22736
4121 15252
4122 15090
4123 16035
4124 28937
4125 16532
4126 19148
4127 19713
4128 19760
4129 19633
4130 20050
4131 20226
4132 20074
4133 22613
4134 27383
4135 22223
4136 28249
4137 19490
4138 22603
4139 22628
4140 22472
4141 31639
4142 28638
4143 23678
4144 19694
4145 20363
4146 22467
4147 25651
4148 31439
4149 17083
4150 15205
4151 13878
4152 8707
4153 27506
4154 16054
4155 33143
4156 25789
4157 18495
4158 18495
4159 24625
4160 21017
4161 15804
4162 20633
4163 24689
4164 20276
4165 25309
4166 21675
4167 31198
4168 12231
4169 31757
4170 17703
4171 27585
4172 27004
4173 26717
4174 28035
4175 23388
4176 26717
4177 32864
4178 16711
4179 28408
4180 22294
4181 22090
4182 24618
4183 24616
4184 24553
4185 16123
4186 24637
4187 22325
4188 24556
4189 29455
4190 22394
4191 22461
4192 13139
4193 13124
4194 13143
4195 13155
4196 13203
4197 13244
4198 17432
4199 26604
4200 22142
4201 22416
4202 24669
4203 24771
4204 24819
4205 25017
4206 29418
4207 24905
4208 22356
4209 24887
4210 22220
4211 22296
4212 22140
4213 27713
4214 26465
4215 30352
4216 27010
4217 18769
4218 28043
4219 22483
4220 31639
4221 12278
4222 28511
4223 33311
4224 31704
4225 13857
4226 13836
4227 16189
4228 15735
4229 14938
4230 30331
4231 17214
4232 17229
4233 17227
4234 17228
4235 17178
4236 30303
4237 22896
4238 12850
4239 17488
4240 14919
4241 26090
4242 28404
4243 14722
4244 15181
4245 14501
4246 14449
4247 20047
4248 20115
4249 20602
4250 20508
4251 19900
4252 28341
4253 20411
4254 25181
4255 28369
4256 21172
4257 21193
4258 26168
4259 16192
4260 15881
4261 20035
4262 33022
4263 18004
4264 18646
4265 27194
4266 30879
4267 20965
4268 25525
4269 20441
4270 21385
4271 20330
4272 17837
4273 13784
4274 16326
4275 16326
4276 22423
4277 23749
4278 14705
4279 15106
4280 15041
4281 25146
4282 15118
4283 17253
4284 14674
4285 28376
4286 15037
4287 26265
4288 31671
4289 15741
4290 31772
4291 15885
4292 15747
4293 15767
4294 15794
4295 15666
4296 19619
4297 20145
4298 16112
4299 17976
4300 18002
4301 25172
4302 33017
4303 22564
4304 18264
4305 16451
4306 18996
4307 19080
4308 28266
4309 19112
4310 19517
4311 31661
4312 12458
4313 28024
4314 28089
4315 18716
4316 28395
4317 24678
4318 28437
4319 25322
4320 24744
4321 29461
4322 22409
4323 29446
4324 21886
4325 21798
4326 15550
4327 15965
4328 15556
4329 16196
4330 26536
4331 13263
4332 17451
4333 17455
4334 13293
4335 23620
4336 13255
4337 23546
4338 22202
4339 22468
4340 22468
4341 29708
4342 29706
4343 29705
4344 22427
4345 22427
4346 24627
4347 26113
4348 29416
4349 24685
4350 20059
4351 29140
4352 22179
4353 22013
4354 22357
4355 24555
4356 22376
4357 24721
4358 24721
4359 24738
4360 24706
4361 24757
4362 23261
4363 17927
4364 18741
4365 31573
4366 17652
4367 12517
4368 31539
4369 30276
4370 33219
4371 27890
4372 17407
4373 25614
4374 13555
4375 13035
4376 13569
4377 15084
4378 23498
4379 23561
4380 12309
4381 13467
4382 27773
4383 27081
4384 27768
4385 29389
4386 16424
4387 29571
4388 16528
4389 18852
4390 16533
4391 19029
4392 19180
4393 19340
4394 27152
4395 20355
4396 25980
4397 20334
4398 28275
4399 20444
4400 33178
4401 20988
4402 21597
4403 21515
4404 21787
4405 28431
4406 23858
4407 22060
4408 24660
4409 22012
4410 18598
4411 18574
4412 13082
4413 13572
4414 30513
4415 23660
4416 25417
4417 31697
4418 17408
4419 17275
4420 14810
4421 25248
4422 14875
4423 15244
4424 15172
4425 12726
4426 14321
4427 14328
4428 16963
4429 28539
4430 15733
4431 15879
4432 25294
4433 15937
4434 28329
4435 20068
4436 25632
4437 28137
4438 19517
4439 18991
4440 19227
4441 28976
4442 19227
4443 19681
4444 21655
4445 20589
4446 18413
4447 19864
4448 18146
4449 18403
4450 18322
4451 31693
4452 12878
4453 12784
4454 16831
4455 26447
4456 27552
4457 23074
4458 27516
4459 29562
4460 18889
4461 18951
4462 18914
4463 18964
4464 21885
4465 21972
4466 21869
4467 19623
4468 25986
4469 28315
4470 25229
4471 31240
4472 29512
4473 19624
4474 19850
4475 19850
4476 20170
4477 20044
4478 20264
4479 20324
4480 19945
4481 31768
4482 8600
4483 8560
4484 23482
4485 8694
4486 12225
4487 12265
4488 12365
4489 20796
4490 20863
4491 20920
4492 21469
4493 29539
4494 29508
4495 20449
4496 25459
4497 25011
4498 25042
4499 25122
4500 24897
4501 25007
4502 24911
4503 24920
4504 25079
4505 24950
4506 28494
4507 31048
4508 20482
4509 20440
4510 21453
4511 21435
4512 33304
4513 16885
4514 31688
4515 12430
4516 27457
4517 12278
4518 27289
4519 16595
4520 26873
4521 16310
4522 16304
4523 16758
4524 31327
4525 23443
4526 22982
4527 27059
4528 8660
4529 12198
4530 30478
4531 30467
4532 30490
4533 8664
4534 8669
4535 8680
4536 8689
4537 26567
4538 26584
4539 19562
4540 19732
4541 32397
4542 19536
4543 28352
4544 25251
4545 28876
4546 29629
4547 29026
4548 29627
4549 18550
4550 23841
4551 21843
4552 18566
4553 18566
4554 21781
4555 23905
4556 24379
4557 24142
4558 21687
4559 21812
4560 21809
4561 21887
4562 12555
4563 27918
4564 14133
4565 14190
4566 15440
4567 15329
4568 15336
4569 15692
4570 25201
4571 16328
4572 16258
4573 28692
4574 16986
4575 17006
4576 17040
4577 17106
4578 14363
4579 17123
4580 19642
4581 20543
4582 19833
4583 20376
4584 20350
4585 20934
4586 20466
4587 20245
4588 20521
4589 20843
4590 25237
4591 19898
4592 19914
4593 21632
4594 20296
4595 18284
4596 31745
4597 24743
4598 24692
4599 24687
4600 24686
4601 23349
4602 18410
4603 18338
4604 18359
4605 26460
4606 18724
4607 16692
4608 16694
4609 28040
4610 22687
4611 21981
4612 31405
4613 20182
4614 20114
4615 19991
4616 20388
4617 25535
4618 25850
4619 19050
4620 19104
4621 19210
4622 26125
4623 19289
4624 19218
4625 19334
4626 19415
4627 19674
4628 19668
4629 14073
4630 13330
4631 13337
4632 13387
4633 12535
4634 27254
4635 20711
4636 25978
4637 21294
4638 21751
4639 25221
4640 25513
4641 25698
4642 21006
4643 19822
4644 19696
4645 19912
4646 20569
4647 20088
4648 21801
4649 28380
4650 12527
4651 22690
4652 31666
4653 31743
4654 27667
4655 32979
4656 30550
4657 27663
4658 28035
4659 19071
4660 19935
4661 16785
4662 16721
4663 32902
4664 15481
4665 29748
4666 26120
4667 19510
4668 33323
4669 26118
4670 29556
4671 16402
4672 13336
4673 12534
4674 12566
4675 13437
4676 13452
4677 27336
4678 12355
4679 13321
4680 13219
4681 13300
4682 32552
4683 23465
4684 16952
4685 29403
4686 29110
4687 29101
4688 32390
4689 16351
4690 15788
4691 23875
4692 23894
4693 18651
4694 23834
4695 18689
4696 28388
4697 21806
4698 22131
4699 21763
4700 21891
4701 21996
4702 22144
4703 22261
4704 27983
4705 24029
4706 24262
4707 24275
4708 31849
4709 13722
4710 13608
4711 13754
4712 13627
4713 13766
4714 13758
4715 16584
4716 16588
4717 13658
4718 13675
4719 14059
4720 17101
4721 17487
4722 26413
4723 26406
4724 14665
4725 15210
4726 17585
4727 26388
4728 16297
4729 19344
4730 18948
4731 16318
4732 18854
4733 18981
4734 19262
4735 19627
4736 20323
4737 28791
4738 28792
4739 22520
4740 23334
4741 18269
4742 18293
4743 27869
4744 783
4745 22958
4746 22781
4747 27759
4748 25458
4749 25717
4750 19730
4751 29019
4752 19463
4753 19463
4754 19711
4755 16368
4756 19774
4757 20021
4758 19770
4759 21541
4760 8585
4761 29519
4762 20104
4763 20348
4764 20427
4765 28590
4766 19294
4767 19288
4768 23504
4769 12715
4770 22881
4771 12793
4772 33355
4773 31714
4774 27771
4775 13538
4776 28613
4777 26111
4778 21159
4779 21159
4780 21510
4781 26272
4782 14223
4783 16397
4784 29002
4785 14232
4786 14232
4787 14267
4788 14259
4789 20798
4790 27199
4791 28071
4792 30372
4793 31517
4794 18696
4795 27271
4796 22489
4797 30346
4798 16502
4799 25535
4800 31150
4801 28479
4802 28689
4803 19437
4804 19448
4805 32457
4806 28474
4807 20029
4808 20250
4809 19881
4810 20109
4811 12611
4812 26528
4813 23439
4814 23475
4815 31471
4816 14707
4817 13958
4818 25945
4819 28466
4820 17931
4821 22138
4822 25305
4823 22281
4824 20230
4825 33053
4826 24177
4827 24076
4828 24279
4829 24330
4830 24298
4831 21848
4832 21822
4833 22242
4834 23954
4835 32081
4836 21882
4837 21900
4838 24189
4839 24105
4840 24276
4841 28008
4842 24309
4843 13728
4844 13572
4845 13815
4846 17564
4847 13087
4848 15162
4849 14098
4850 29248
4851 22953
4852 28648
4853 15391
4854 13794
4855 26391
4856 27141
4857 30393
4858 29394
4859 25257
4860 28796
4861 31350
4862 33327
4863 29113
4864 28794
4865 29208
4866 25641
4867 28128
4868 24221
4869 21204
4870 29304
4871 21170
4872 21637
4873 21155
4874 14108
4875 20628
4876 13659
4877 23710
4878 23808
4879 23779
4880 31424
4881 19950
4882 19956
4883 25567
4884 20585
4885 29277
4886 25360
4887 19805
4888 21482
4889 33081
4890 26075
4891 27767
4892 12735
4893 31642
4894 13531
4895 12541
4896 8624
4897 13259
4898 21047
4899 25337
4900 21118
4901 21095
4902 16124
4903 16124
4904 25737
4905 18812
4906 14225
4907 20241
4908 31051
4909 20451
4910 29535
4911 29594
4912 21013
4913 24666
4914 29413
4915 29450
4916 24627
4917 24934
4918 29436
4919 26432
4920 22732
4921 31666
4922 26716
4923 12936
4924 17491
4925 27180
4926 28574
4927 15656
4928 20338
4929 33274
4930 29127
4931 19819
4932 20106
4933 20012
4934 20257
4935 28473
4936 20606
4937 20630
4938 19973
4939 29054
4940 20179
4941 12637
4942 23457
4943 14561
4944 13255
4945 13194
4946 26514
4947 13290
4948 30495
4949 12284
4950 27333
4951 21077
4952 28391
4953 20870
4954 28883
4955 28198
4956 20913
4957 16471
4958 16367
4959 31317
4960 26144
4961 18973
4962 22115
4963 25413
4964 29406
4965 24565
4966 24267
4967 24310
4968 18627
4969 21429
4970 18551
4971 24283
4972 32517
4973 22962
4974 15439
4975 15921
4976 25204
4977 16000
4978 32640
4979 27896
4980 17614
4981 31733
4982 13015
4983 26537
4984 26520
4985 12195
4986 8698
4987 17844
4988 32460
4989 15811
4990 15958
4991 20016
4992 19719
4993 16361
4994 16181
4995 29206
4996 20868
4997 29313
4998 21583
4999 21407
5000 21319
5001 21317
5002 21504
5003 21287
5004 21500
5005 21354
5006 21486
5007 23886
5008 32624
5009 13708
5010 18513
5011 18516
5012 23716
5013 22606
5014 23113
5015 12753
5016 12800
5017 15615
5018 33067
5019 21972
5020 26071
5021 21924
5022 25650
5023 22895
5024 17052
5025 30319
5026 17179
5027 23481
5028 32592
5029 32589
5030 32333
5031 12755
5032 12819
5033 29836
5034 16389
5035 20328
5036 20298
5037 25407
5038 32807
5039 21105
5040 22311
5041 29607
5042 29450
5043 24822
5044 21149
5045 28806
5046 24664
5047 24765
5048 30281
5049 27014
5050 12874
5051 17493
5052 26621
5053 31552
5054 21689
5055 22068
5056 21902
5057 21830
5058 22178
5059 26199
5060 22377
5061 22397
5062 25210
5063 28784
5064 29090
5065 22467
5066 25322
5067 29666
5068 15994
5069 15965
5070 14000
5071 27780
5072 13118
5073 26581
5074 26555
5075 22977
5076 29434
5077 24739
5078 24906
5079 25065
5080 25064
5081 24907
5082 25063
5083 25087
5084 23354
5085 22271
5086 24928
5087 24933
5088 22306
5089 22194
5090 22249
5091 22433
5092 22388
5093 24752
5094 28445
5095 29451
5096 24557
5097 24745
5098 24780
5099 22790
5100 18785
5101 30290
5102 12927
5103 22498
5104 23098
5105 17927
5106 12422
5107 16664
5108 16851
5109 22834
5110 33222
5111 26286
5112 16610
5113 16623
5114 31117
5115 18297
5116 30404
5117 8672
5118 8686
5119 26547
5120 26559
5121 8658
5122 26533
5123 32435
5124 17828
5125 20036
5126 25044
5127 20865
5128 21240
5129 22380
5130 26215
5131 11791
5132 27987
5133 18626
5134 18558
5135 23890
5136 24032
5137 24123
5138 18557
5139 21667
5140 18449
5141 23883
5142 24363
5143 23926
5144 17405
5145 17408
5146 23113
5147 14143
5148 14092
5149 25430
5150 14138
5151 14164
5152 15522
5153 23023
5154 14934
5155 15235
5156 17231
5157 14854
5158 14977
5159 15046
5160 15117
5161 28203
5162 15104
5163 17167
5164 17237
5165 14467
5166 8605
5167 23160
5168 23651
5169 23532
5170 28736
5171 26271
5172 19170
5173 28399
5174 25620
5175 17974
5176 24507
5177 22521
5178 28259
5179 25262
5180 22829
5181 27055
5182 31661
5183 27549
5184 12576
5185 17592
5186 16175
5187 21850
5188 19542
5189 19460
5190 19667
5191 28291
5192 19725
5193 29746
5194 31340
5195 20058
5196 20124
5197 21343
5198 20161
5199 19950
5200 17471
5201 27070
5202 13494
5203 13192
5204 26503
5205 12398
5206 30391
5207 13440
5208 25299
5209 28537
5210 29031
5211 15878
5212 29138
5213 20924
5214 22101
5215 22153
5216 21771
5217 22086
5218 22315
5219 22471
5220 28490
5221 28491
5222 22445
5223 24590
5224 24768
5225 28487
5226 24807
5227 28488
5228 29432
5229 24760
5230 25514
5231 20735
5232 20956
5233 20990
5234 21106
5235 29475
5236 20349
5237 18764
5238 31631
5239 31622
5240 31588
5241 12370
5242 31692
5243 27203
5244 25165
5245 19031
5246 16721
5247 16494
5248 19156
5249 26532
5250 23472
5251 23529
5252 13126
5253 13148
5254 27858
5255 27860
5256 13164
5257 26934
5258 21454
5259 16300
5260 25739
5261 18828
5262 16422
5263 18928
5264 31328
5265 31083
5266 25722
5267 25402
5268 16036
5269 22064
5270 24228
5271 5386
5272 24352
5273 21860
5274 24403
5275 22100
5276 18603
5277 21844
5278 25183
5279 23825
5280 24008
5281 29074
5282 21912
5283 22305
5284 11960
5285 24159
5286 5588
5287 5594
5288 15302
5289 15515
5290 15289
5291 15342
5292 15316
5293 16097
5294 29922
5295 29088
5296 29547
5297 13600
5298 17659
5299 15109
5300 25989
5301 15079
5302 27960
5303 27960
5304 25631
5305 15962
5306 16058
5307 22923
5308 19735
5309 20375
5310 20112
5311 33213
5312 15885
5313 15874
5314 15828
5315 15844
5316 16038
5317 31197
5318 19096
5319 31157
5320 25685
5321 20637
5322 18429
5323 18221
5324 18157
5325 14403
5326 31631
5327 26612
5328 22740
5329 12748
5330 12411
5331 26321
5332 12480
5333 20123
5334 32869
5335 31140
5336 33359
5337 25534
5338 19053
5339 19591
5340 29527
5341 19348
5342 19379
5343 19595
5344 19798
5345 19679
5346 16341
5347 16428
5348 16309
5349 19002
5350 19826
5351 19895
5352 19729
5353 12580
5354 26920
5355 32561
5356 29383
5357 18915
5358 17831
5359 22417
5360 22431
5361 25083
5362 24835
5363 24879
5364 29424
5365 5388
5366 27247
5367 29535
5368 20584
5369 29505
5370 20679
5371 20929
5372 20800
5373 29586
5374 21307
5375 20908
5376 21012
5377 21737
5378 17959
5379 30377
5380 26435
5381 30363
5382 12203
5383 27683
5384 17879
5385 31744
5386 17361
5387 18360
5388 18945
5389 16494
5390 19001
5391 19241
5392 31132
5393 28477
5394 19740
5395 19614
5396 19748
5397 25519
5398 19715
5399 33089
5400 33278
5401 20085
5402 20155
5403 15604
5404 12477
5405 32553
5406 30421
5407 17423
5408 30398
5409 17423
5410 17440
5411 13254
5412 26503
5413 12856
5414 22233
5415 22068
5416 24997
5417 24582
5418 24753
5419 29429
5420 24937
5421 5394
5422 25585
5423 25021
5424 22270
5425 24726
5426 22230
5427 25730
5428 22027
5429 24581
5430 24832
5431 22451
5432 29438
5433 29439
5434 24696
5435 24803
5436 22028
5437 22029
5438 21955
5439 32116
5440 22188
5441 24054
5442 8030
5443 24256
5444 24335
5445 24130
5446 21899
5447 22243
5448 30257
5449 16590
5450 16606
5451 13592
5452 25408
5453 13641
5454 13755
5455 29246
5456 13724
5457 27868
5458 13622
5459 13809
5460 16960
5461 14351
5462 31443
5463 16975
5464 30325
5465 16992
5466 17023
5467 17086
5468 26336
5469 16934
5470 20125
5471 28433
5472 20418
5473 16306
5474 15924
5475 15710
5476 15855
5477 25392
5478 16146
5479 16226
5480 15969
5481 18448
5482 22366
5483 26652
5484 22608
5485 29399
5486 31199
5487 31196
5488 22633
5489 22543
5490 23211
5491 16905
5492 27234
5493 12970
5494 26888
5495 27049
5496 27557
5497 19889
5498 28305
5499 25531
5500 29256
5501 21723
5502 19199
5503 25276
5504 28577
5505 31438
5506 16175
5507 15967
5508 25551
5509 32444
5510 27778
5511 12663
5512 20704
5513 21519
5514 28815
5515 28813
5516 21217
5517 25330
5518 21273
5519 14207
5520 29919
5521 28066
5522 30361
5523 30362
5524 22497
5525 15669
5526 15713
5527 15602
5528 20389
5529 21004
5530 19878
5531 30119
5532 20993
5533 21690
5534 19891
5535 29532
5536 28465
5537 20582
5538 20464
5539 28464
5540 25590
5541 19904
5542 13998
5543 23622
5544 14733
5545 13939
5546 13985
5547 14543
5548 14605
5549 14637
5550 20146
5551 20825
5552 22226
5553 22276
5554 21651
5555 28270
5556 22203
5557 22014
5558 24585
5559 24636
5560 28492
5561 24550
5562 24705
5563 31202
5564 25514
5565 20652
5566 20772
5567 29485
5568 21106
5569 21397
5570 20492
5571 29516
5572 27973
5573 32514
5574 33063
5575 24305
5576 28431
5577 23962
5578 24080
5579 13014
5580 13101
5581 25662
5582 27248
5583 13798
5584 29238
5585 27255
5586 28649
5587 23601
5588 17050
5589 27952
5590 16434
5591 28324
5592 18861
5593 16359
5594 19961
5595 20311
5596 20479
5597 20610
5598 20634
5599 20763
5600 20417
5601 20509
5602 28342
5603 21111
5604 25892
5605 21695
5606 24360
5607 18644
5608 24165
5609 21381
5610 28420
5611 20805
5612 30796
5613 21878
5614 12456
5615 31609
5616 26639
5617 17892
5618 31541
5619 12770
5620 13006
5621 13108
5622 22511
5623 31243
5624 28567
5625 25564
5626 20561
5627 29604
5628 25339
5629 20277
5630 21728
5631 29468
5632 19638
5633 28314
5634 29554
5635 19006
5636 26923
5637 22882
5638 13516
5639 8650
5640 30398
5641 16314
5642 14267
5643 16121
5644 29506
5645 20572
5646 20790
5647 20688
5648 21182
5649 21300
5650 21526
5651 22809
5652 25370
5653 12297
5654 27321
5655 12399
5656 27546
5657 12651
5658 12699
5659 17526
5660 27569
5661 15409
5662 20083
5663 20150
5664 29056
5665 20294
5666 20629
5667 20893
5668 21555
5669 28797
5670 21872
5671 25224
5672 28410
5673 22436
5674 24871
5675 24986
5676 13295
5677 22801
5678 13143
5679 23472
5680 12833
5681 12280
5682 12375
5683 12385
5684 12392
5685 24779
5686 29614
5687 24550
5688 24578
5689 24955
5690 24947
5691 25102
5692 25119
5693 25100
5694 24915
5695 24915
5696 24931
5697 25007
5698 28493
5699 25049
5700 29572
5701 25044
5702 28048
5703 23386
5704 16743
5705 18785
5706 31510
5707 12999
5708 26882
5709 13860
5710 17819
5711 29234
5712 15492
5713 15735
5714 15913
5715 31474
5716 16623
5717 12947
5718 16482
5719 29560
5720 17210
5721 31301
5722 22897
5723 12796
5724 14524
5725 30326
5726 29645
5727 21097
5728 16254
5729 16265
5730 31189
5731 21203
5732 18827
5733 25598
5734 19349
5735 18980
5736 18876
5737 18867
5738 25280
5739 19154
5740 19211
5741 20994
5742 20973
5743 21171
5744 21082
5745 21500
5746 21411
5747 21250
5748 21291
5749 24301
5750 24089
5751 21698
5752 21820
5753 24367
5754 22849
5755 30157
5756 18678
5757 25328
5758 13030
5759 33003
5760 25671
5761 25953
5762 27762
5763 26276
5764 29520
5765 19568
5766 31427
5767 21599
5768 20546
5769 33202
5770 16156
5771 31371
5772 26210
5773 15359
5774 33202
5775 27796
5776 19818
5777 20494
5778 29500
5779 20503
5780 20651
5781 22403
5782 24665
5783 24561
5784 28486
5785 29412
5786 24654
5787 24774
5788 22804
5789 24967
5790 19513
5791 25076
5792 5380
5793 19818
5794 31701
5795 17708
5796 27721
5797 27106
5798 26621
5799 26627
5800 12912
5801 17589
5802 21748
5803 21904
5804 22222
5805 22463
5806 26204
5807 25647
5808 28805
5809 24645
5810 24630
5811 24637
5812 25059
5813 21730
5814 32502
5815 25535
5816 15344
5817 15327
5818 27410
5819 13444
5820 30459
5821 27766
5822 13462
5823 16184
5824 29534
5825 20353
5826 31050
5827 20618
5828 20764
5829 20737
5830 20827
5831 29483
5832 21386
5833 21205
5834 20765
5835 20705
5836 29478
5837 22112
5838 29024
5839 18780
5840 14369
5841 27487
5842 16708
5843 17585
5844 13105
5845 18952
5846 22873
5847 25713
5848 25141
5849 26210
5850 16152
5851 28201
5852 15075
5853 14751
5854 15036
5855 17548
5856 19346
5857 19225
5858 25281
5859 19423
5860 19626
5861 20252
5862 20371
5863 28367
5864 21160
5865 25251
5866 17897
5867 29000
5868 23888
5869 24125
5870 18687
5871 18672
5872 24007
5873 24253
5874 24316
5875 24289
5876 24241
5877 21641
5878 25300
5879 21736
5880 21969
5881 18637
5882 21991
5883 13788
5884 14796
5885 23698
5886 23810
5887 23795
5888 18509
5889 25414
5890 22717
5891 8629
5892 6383
5893 7990
5894 7990
5895 6785
5896 6283
5897 8495
5898 6245
5899 6393
5900 7721
5901 8392
5902 9827
5903 6917
5904 7349
5905 11924
5906 8020
5907 5967
5908 9224
5909 5851
5910 11870
5911 5702
5912 11841
5913 11912
5914 11941
5915 9073
5916 7495
5917 7673
5918 32068
5919 8291
5920 9724
5921 8173
5922 6648
5923 8126
5924 6941
5925 7235
5926 7150
5927 8419
5928 7436
5929 7331
5930 32259
5931 12086
5932 7530
5933 32014
5934 6317
5935 8894
5936 8880
5937 8875
5938 8965
5939 8938
5940 11851
5941 7298
5942 5829
5943 8819
5944 5898
5945 7981
5946 6216
5947 31977
5948 7846
5949 5935
5950 9720
5951 6605
5952 6600
5953 8017
5954 6720
5955 6852
5956 6590
5957 6179
5958 8392
5959 7270
5960 8476
5961 5757
5962 5342
5963 9222
5964 5548
5965 7237
5966 7379
5967 5974
5968 6337
5969 7079
5970 7534
5971 6986
5972 6170
5973 6499
5974 12102
5975 6815
5976 6204
5977 6543
5978 7966
5979 6282
5980 5993
5981 8350
5982 12101
5983 5506
5984 7839
5985 8392
5986 8069
5987 7251
5988 8017
5989 8376
5990 7336
5991 5587
5992 8893
5993 9202
5994 6905
5995 11979
5996 7808
5997 9811
5998 9832
5999 9886
6000 7277
6001 9580
6002 7514
6003 6438
6004 6438
6005 7581
6006 11868
6007 8792
6008 8919
6009 8929
6010 8897
6011 8744
6012 9083
6013 8355
6014 5756
6015 7588
6016 5651
6017 7602
6018 6110
6019 5499
6020 6120
6021 8237
6022 6426
6023 6444
6024 7656
6025 6478
6026 9190
6027 7243
6028 7234
6029 8246
6030 7403
6031 12128
6032 5632
6033 11695
6034 5892
6035 7617
6036 6808
6037 7874
6038 6284
6039 6792
6040 8397
6041 6284
6042 7446
6043 8507
6044 5507
6045 8495
6046 6590
6047 7579
6048 6356
6049 7578
6050 8019
6051 8094
6052 8079
6053 6641
6054 11915
6055 11920
6056 11933
6057 11938
6058 11938
6059 11936
6060 8756
6061 7340
6062 9162
6063 9107
6064 9040
6065 32252
6066 6809
6067 6157
6068 9755
6069 9600
6070 9644
6071 9681
6072 8518
6073 9086
6074 32183
6075 9244
6076 8357
6077 11828
6078 8996
6079 32192
6080 7278
6081 8442
6082 9134
6083 6951
6084 7811
6085 9719
6086 7989
6087 7169
6088 6167
6089 7168
6090 9192
6091 6726
6092 6464
6093 8002
6094 6495
6095 6245
6096 7582
6097 6542
6098 6581
6099 6579
6100 5526
6101 8779
6102 9157
6103 5773
6104 8826
6105 8936
6106 7382
6107 9089
6108 9179
6109 7634
6110 9126
6111 11653
6112 8059
6113 6379
6114 8157
6115 7919
6116 6653
6117 6450
6118 5495
6119 12112
6120 6706
6121 9616
6122 8106
6123 8186
6124 12018
6125 11906
6126 11849
6127 11896
6128 7718
6129 32162
6130 9220
6131 8026
6132 9063
6133 24359
6134 6290
6135 9719
6136 32236
6137 6187
6138 6898
6139 9640
6140 9653
6141 9643
6142 9860
6143 9828
6144 8139
6145 8512
6146 7623
6147 5749
6148 5408
6149 7024
6150 8399
6151 6785
6152 6166
6153 7986
6154 6283
6155 6626
6156 7953
6157 8392
6158 8390
6159 6872
6160 6936
6161 6735
6162 7999
6163 7368
6164 7267
6165 5818
6166 11832
6167 5795
6168 12000
6169 8238
6170 9811
6171 6149
6172 6706
6173 6439
6174 6170
6175 6858
6176 9712
6177 9612
6178 9617
6179 9734
6180 8192
6181 9758
6182 7471
6183 6390
6184 6504
6185 7524
6186 6840
6187 6699
6188 6634
6189 7697
6190 6857
6191 3739
6192 6976
6193 7302
6194 31976
6195 6923
6196 6393
6197 5405
6198 6517
6199 32320
6200 5551
6201 6769
6202 8778
6203 7350
6204 8488
6205 9080
6206 8155
6207 9161
6208 8792
6209 8828
6210 8978
6211 8953
6212 11874
6213 32178
6214 9204
6215 6909
6216 32169
6217 6678
6218 11914
6219 5718
6220 9262
6221 9212
6222 8845
6223 8032
6224 5855
6225 5791
6226 6359
6227 7060
6228 7886
6229 7496
6230 8115
6231 6380
6232 9722
6233 6948
6234 7812
6235 9735
6236 7065
6237 6809
6238 9584
6239 7545
6240 5889
6241 8353
6242 6522
6243 7255
6244 5729
6245 5636
6246 7763
6247 7182
6248 8018
6249 5542
6250 8094
6251 6605
6252 8105
6253 5551
6254 6911
6255 7966
6256 7985
6257 11932
6258 11888
6259 5587
6260 9085
6261 8822
6262 11934
6263 9036
6264 9035
6265 8210
6266 7510
6267 7513
6268 8147
6269 11747
6270 6078
6271 5754
6272 5443
6273 8142
6274 6596
6275 7551
6276 8333
6277 12083
6278 6640
6279 7501
6280 7919
6281 32247
6282 9679
6283 8254
6284 8517
6285 7908
6286 6941
6287 6640
6288 5953
6289 32254
6290 32261
6291 2756
6292 8999
6293 6717
6294 6076
6295 12131
6296 32056
6297 8284
6298 8804
6299 8453
6300 5843
6301 8814
6302 9277
6303 8962
6304 5709
6305 11904
6306 8819
6307 8155
6308 6835
6309 7284
6310 6392
6311 9029
6312 5824
6313 6679
6314 5908
6315 11774
6316 9111
6317 5699
6318 12005
6319 6658
6320 5783
6321 7042
6322 9590
6323 9833
6324 6374
6325 7661
6326 6544
6327 6343
6328 9627
6329 5355
6330 9824
6331 5440
6332 5988
6333 5751
6334 6453
6335 8120
6336 6227
6337 6980
6338 8013
6339 6193
6340 6615
6341 7503
6342 8999
6343 7038
6344 5531
6345 6071
6346 8076
6347 8079
6348 8096
6349 8394
6350 8841
6351 5968
6352 11992
6353 9156
6354 6831
6355 9117
6356 11929
6357 8769
6358 8075
6359 9235
6360 11966
6361 8031
6362 5837
6363 9201
6364 9024
6365 9029
6366 7634
6367 8819
6368 7268
6369 32247
6370 6374
6371 32064
6372 9751
6373 9680
6374 7286
6375 12156
6376 5426
6377 5639
6378 6144
6379 32069
6380 5668
6381 6715
6382 12055
6383 7261
6384 8345
6385 6738
6386 7813
6387 7509
6388 12093
6389 6229
6390 5642
6391 32303
6392 5726
6393 7256
6394 5667
6395 6225
6396 11715
6397 8478
6398 5508
6399 6269
6400 8069
6401 8476
6402 6283
6403 6480
6404 8392
6405 7014
6406 5682
6407 5954
6408 11872
6409 11848
6410 5835
6411 11943
6412 5652
6413 9151
6414 6315
6415 7775
6416 11688
6417 9803
6418 7605
6419 7858
6420 6632
6421 6855
6422 6566
6423 6687
6424 5495
6425 8344
6426 6992
6427 9186
6428 9058
6429 7269
6430 9210
6431 6006
6432 5523
6433 6886
6434 5400
6435 6354
6436 7017
6437 7734
6438 8471
6439 7783
6440 3304
6441 2043
6442 8280
6443 7949
6444 5532
6445 8524
6446 8094
6447 7850
6448 7966
6449 8068
6450 7723
6451 7582
6452 9012
6453 8753
6454 11696
6455 11682
6456 11741
6457 32298
6458 6186
6459 6201
6460 5493
6461 6061
6462 8119
6463 8073
6464 6965
6465 6813
6466 7487
6467 9744
6468 9775
6469 6983
6470 32170
6471 5714
6472 7267
6473 6756
6474 6873
6475 6819
6476 6245
6477 6816
6478 5511
6479 6328
6480 32317
6481 6784
6482 5919
6483 5525
6484 6523
6485 6512
6486 6806
6487 7558
6488 6468
6489 6786
6490 9007
6491 5614
6492 7708
6493 8809
6494 9078
6495 9079
6496 8905
6497 32162
6498 11855
6499 5818
6500 12022
6501 6674
6502 7363
6503 7263
6504 9741
6505 6036
6506 9703
6507 6978
6508 9838
6509 6912
6510 6097
6511 32060
6512 9667
6513 9594
6514 9672
6515 9653
6516 5648
6517 8265
6518 7429
6519 5931
6520 6138
6521 7867
6522 7394
6523 4751
6524 7572
6525 8511
6526 7646
6527 6582
6528 5400
6529 5399
6530 8069
6531 6179
6532 8392
6533 7952
6534 6117
6535 8354
6536 7906
6537 5505
6538 7724
6539 6353
6540 8498
6541 6580
6542 5551
6543 8095
6544 31962
6545 5880
6546 6738
6547 9042
6548 11935
6549 8998
6550 8041
6551 9790
6552 9783
6553 9831
6554 9674
6555 9604
6556 9852
6557 7277
6558 6686
6559 7557
6560 6972
6561 8334
6562 8161
6563 7907
6564 8121
6565 6665
6566 5969
6567 9060
6568 6500
6569 6802
6570 7189
6571 5347
6572 6715
6573 6548
6574 7638
6575 8220
6576 8751
6577 9093
6578 8790
6579 8051
6580 8754
6581 9193
6582 8765
6583 8938
6584 6812
6585 12074
6586 7659
6587 8314
6588 5615
6589 11658
6590 7195
6591 7751
6592 6590
6593 6590
6594 7997
6595 8805
6596 11949
6597 7350
6598 8779
6599 11990
6600 8021
6601 9019
6602 5798
6603 8215
6604 5954
6605 5971
6606 9127
6607 12025
6608 5446
6609 6638
6610 6950
6611 7847
6612 6669
6613 6976
6614 6670
6615 11768
6616 6981
6617 3739
6618 7115
6619 7460
6620 7627
6621 8314
6622 6377
6623 7438
6624 7951
6625 8080
6626 6207
6627 8395
6628 12023
6629 5652
6630 5793
6631 5836
6632 8803
6633 6104
6634 5846
6635 32144
6636 6020
6637 6150
6638 6514
6639 12145
6640 5592
6641 5347
6642 8813
6643 8889
6644 8889
6645 8888
6646 8930
6647 9082
6648 11847
6649 5465
6650 5451
6651 5597
6652 11914
6653 11937
6654 8774
6655 11986
6656 9097
6657 6200
6658 5754
6659 6973
6660 32157
6661 32253
6662 6440
6663 6486
6664 7651
6665 5693
6666 7179
6667 5771
6668 8428
6669 6665
6670 7158
6671 7120
6672 5790
6673 8269
6674 5629
6675 5673
6676 5650
6677 5747
6678 7978
6679 6804
6680 7560
6681 6419
6682 8094
6683 11918
6684 8892
6685 8917
6686 8993
6687 5766
6688 11885
6689 9008
6690 11961
6691 8906
6692 7362
6693 8512
6694 7402
6695 32052
6696 6800
6697 32304
6698 7954
6699 5533
6700 8392
6701 8025
6702 7610
6703 12001
6704 8895
6705 8961
6706 5591
6707 5962
6708 12162
6709 6212
6710 5926
6711 6900
6712 6860
6713 6064
6714 7900
6715 7273
6716 11700
6717 7629
6718 12107
6719 8304
6720 5024
6721 6721
6722 8434
6723 11675
6724 7453
6725 8304
6726 32197
6727 7156
6728 9188
6729 9251
6730 6150
6731 7977
6732 7970
6733 6936
6734 9070
6735 8868
6736 9279
6737 9158
6738 8781
6739 8988
6740 8849
6741 9160
6742 5702
6743 7259
6744 9082
6745 9004
6746 8464
6747 9139
6748 8183
6749 9956
6750 2713
6751 2714
6752 9946
6753 5261
6754 10971
6755 2278
6756 4213
6757 11816
6758 11258
6759 11353
6760 4139
6761 4895
6762 3851
6763 10030
6764 2648
6765 2621
6766 5262
6767 2493
6768 2494
6769 2618
6770 2798
6771 2346
6772 11371
6773 1909
6774 1908
6775 2684
6776 3528
6777 11483
6778 2714
6779 2682
6780 4868
6781 2712
6782 2600
6783 8728
6784 9961
6785 11479
6786 2549
6787 2734
6788 3679
6789 4937
6790 7638
6791 2411
6792 5031
6793 2401
6794 9894
6795 9898
6796 2663
6797 3675
6798 4560
6799 10732
6800 4264
6801 3748
6802 11301
6803 3708
6804 11177
6805 5055
6806 2636
6807 11471
6808 3529
6809 2797
6810 10700
6811 276
6812 4361
6813 2855
6814 4937
6815 2351
6816 10993
6817 11002
6818 2387
6819 11069
6820 2735
6821 4816
6822 2446
6823 10710
6824 10668
6825 10717
6826 4342
6827 2249
6828 2605
6829 11068
6830 10999
6831 4150
6832 3883
6833 10708
6834 2431
6835 5058
6836 11304
6837 4046
6838 10967
6839 5337
6840 11149
6841 10660
6842 10671
6843 11546
6844 11000
6845 2428
6846 11359
6847 2164
6848 10788
6849 4753
6850 10812
6851 10816
6852 10801
6853 11024
6854 11213
6855 11147
6856 2440
6857 11203
6858 10932
6859 2390
6860 11185
6861 2016
6862 2290
6863 4157
6864 10963
6865 1992
6866 4547
6867 11008
6868 11102
6869 10789
6870 10838
6871 10868
6872 10889
6873 2305
6874 4755
6875 11137
6876 4807
6877 4918
6878 3705
6879 11127
6880 4828
6881 10910
6882 10781
6883 10839
6884 10807
6885 10803
6886 10866
6887 11120
6888 11112
6889 2203
6890 2390
6891 3749
6892 11160
6893 2238
6894 2801
6895 5059
6896 10924
6897 2522
6898 2436
6899 10923
6900 2390
6901 11061
6902 10924
6903 2009
6904 11119
6905 2448
6906 11115
6907 2855
6908 5230
6909 5236
6910 4479
6911 3319
6912 10066
6913 4185
6914 11206
6915 11160
6916 3329
6917 3708
6918 11043
6919 10081
6920 9897
6921 11619
6922 2330
6923 10940
6924 11569
6925 2229
6926 2717
6927 2626
6928 3998
6929 3702
6930 4011
6931 11489
6932 3731
6933 10051
6934 11603
6935 3858
6936 4232
6937 11351
6938 8723
6939 10976
6940 11482
6941 4255
6942 9898
6943 3549
6944 2665
6945 5055
6946 4817
6947 10886
6948 10790
6949 10792
6950 10884
6951 10838
6952 10876
6953 10870
6954 10880
6955 10779
6956 9968
6957 2692
6958 2706
6959 2713
6960 9993
6961 4867
6962 3543
6963 2542
6964 3871
6965 2615
6966 10812
6967 10878
6968 10938
6969 10871
6970 10770
6971 10855
6972 11967
6973 11813
6974 11255
6975 11263
6976 4536
6977 11234
6978 32281
6979 4197
6980 10019
6981 4868
6982 10023
6983 2627
6984 4334
6985 3539
6986 2533
6987 10961
6988 10898
6989 2316
6990 10799
6991 10880
6992 10784
6993 10871
6994 10842
6995 10891
6996 2230
6997 2214
6998 4851
6999 2306
7000 11380
7001 11247
7002 11629
7003 11011
7004 11440
7005 2448
7006 2186
7007 2351
7008 5350
7009 3745
7010 3560
7011 32277
7012 4829
7013 2557
7014 9925
7015 10055
7016 2514
7017 10670
7018 10724
7019 10707
7020 10762
7021 8750
7022 2486
7023 5021
7024 4818
7025 2314
7026 11294
7027 2195
7028 9992
7029 9908
7030 9992
7031 11469
7032 3722
7033 2759
7034 4146
7035 2845
7036 10679
7037 10682
7038 759
7039 11154
7040 2775
7041 4299
7042 2535
7043 5327
7044 3997
7045 2689
7046 5063
7047 3529
7048 9945
7049 2703
7050 4230
7051 4845
7052 11417
7053 11642
7054 11027
7055 3566
7056 11517
7057 11174
7058 3292
7059 2799
7060 2778
7061 2042
7062 2836
7063 2160
7064 5328
7065 2712
7066 3531
7067 2732
7068 3982
7069 11612
7070 5002
7071 2619
7072 5328
7073 2722
7074 7787
7075 2727
7076 4276
7077 2514
7078 11565
7079 10862
7080 4217
7081 10882
7082 10838
7083 10797
7084 10821
7085 10859
7086 10888
7087 10913
7088 10982
7089 10845
7090 10864
7091 10832
7092 10841
7093 11195
7094 11599
7095 11408
7096 2419
7097 2404
7098 11074
7099 11178
7100 1989
7101 4810
7102 11182
7103 4042
7104 11058
7105 2335
7106 11350
7107 11610
7108 11474
7109 3955
7110 4842
7111 3932
7112 2384
7113 4201
7114 4849
7115 4747
7116 4358
7117 4479
7118 2492
7119 2618
7120 2706
7121 10749
7122 2183
7123 10725
7124 2262
7125 11802
7126 11780
7127 11775
7128 2300
7129 11813
7130 2371
7131 10012
7132 4046
7133 11366
7134 11138
7135 11171
7136 11040
7137 4726
7138 2471
7139 2762
7140 10918
7141 2341
7142 10800
7143 10811
7144 10812
7145 10769
7146 10769
7147 10881
7148 10912
7149 10782
7150 10780
7151 10783
7152 10864
7153 11537
7154 4840
7155 11806
7156 11808
7157 10926
7158 11326
7159 11385
7160 2382
7161 10047
7162 2762
7163 4330
7164 2778
7165 2773
7166 3877
7167 2524
7168 10083
7169 11580
7170 2541
7171 11254
7172 11360
7173 11576
7174 11388
7175 11338
7176 5021
7177 3529
7178 2579
7179 3310
7180 5054
7181 2521
7182 4138
7183 2713
7184 2119
7185 2204
7186 11170
7187 3899
7188 5340
7189 3884
7190 2778
7191 4328
7192 2041
7193 4389
7194 2812
7195 3930
7196 2128
7197 9953
7198 9957
7199 5332
7200 10020
7201 10064
7202 3672
7203 3992
7204 3528
7205 4008
7206 11582
7207 9924
7208 2762
7209 10737
7210 10765
7211 10663
7212 10671
7213 10668
7214 10689
7215 2164
7216 3562
7217 2338
7218 5320
7219 11060
7220 3710
7221 11120
7222 11115
7223 11113
7224 11452
7225 10813
7226 11818
7227 11221
7228 8737
7229 2237
7230 11543
7231 4850
7232 2253
7233 4214
7234 8721
7235 2508
7236 2576
7237 10019
7238 2741
7239 9931
7240 2713
7241 2564
7242 2485
7243 9912
7244 5018
7245 10002
7246 4280
7247 2374
7248 2225
7249 5334
7250 3517
7251 2820
7252 4767
7253 9938
7254 9909
7255 3536
7256 4477
7257 2126
7258 10768
7259 10772
7260 10774
7261 10874
7262 10870
7263 10912
7264 10919
7265 10775
7266 10778
7267 10901
7268 10851
7269 10882
7270 2274
7271 10977
7272 2245
7273 3897
7274 3568
7275 11806
7276 11801
7277 11805
7278 11812
7279 11824
7280 10676
7281 10719
7282 11173
7283 11062
7284 11064
7285 10993
7286 2220
7287 10809
7288 2009
7289 2421
7290 11012
7291 11078
7292 11624
7293 10948
7294 3569
7295 10960
7296 11538
7297 10911
7298 1956
7299 11423
7300 4217
7301 10892
7302 10956
7303 2336
7304 10805
7305 10946
7306 25384
7307 4008
7308 2524
7309 3702
7310 11513
7311 9927
7312 2696
7313 3691
7314 9980
7315 2740
7316 4474
7317 4864
7318 11243
7319 11260
7320 11256
7321 2376
7322 2358
7323 11602
7324 11338
7325 8715
7326 11590
7327 10974
7328 11442
7329 3557
7330 11124
7331 2148
7332 2190
7333 11037
7334 2538
7335 3674
7336 2676
7337 2688
7338 2557
7339 10776
7340 10832
7341 10943
7342 10813
7343 3309
7344 11796
7345 11809
7346 11787
7347 32145
7348 2639
7349 9904
7350 3528
7351 2607
7352 4135
7353 2770
7354 4280
7355 3746
7356 2296
7357 3709
7358 11612
7359 3876
7360 2582
7361 9933
7362 10014
7363 2726
7364 32136
7365 11293
7366 8765
7367 8750
7368 2416
7369 4016
7370 11585
7371 5280
7372 4816
7373 10657
7374 10721
7375 10669
7376 10657
7377 10758
7378 11161
7379 4811
7380 11080
7381 2297
7382 2212
7383 1989
7384 1986
7385 11001
7386 11217
7387 11207
7388 11110
7389 3937
7390 11438
7391 10798
7392 2815
7393 2724
7394 3528
7395 2826
7396 2493
7397 2467
7398 11485
7399 2809
7400 2740
7401 11454
7402 2408
7403 3859
7404 2787
7405 4181
7406 3876
7407 2530
7408 9977
7409 4387
7410 2779
7411 4144
7412 2799
7413 3304
7414 10007
7415 2647
7416 3997
7417 2140
7418 2725
7419 10695
7420 10651
7421 2854
7422 3526
7423 2458
7424 2162
7425 5353
7426 9924
7427 9946
7428 2580
7429 10033
7430 2802
7431 4341
7432 2160
7433 2337
7434 10744
7435 4816
7436 4816
7437 5313
7438 2226
7439 2386
7440 11175
7441 4809
7442 2413
7443 4719
7444 2348
7445 11310
7446 2827
7447 11249
7448 11392
7449 11791
7450 2575
7451 2367
7452 32283
7453 4465
7454 5249
7455 4865
7456 4324
7457 2617
7458 11484
7459 10929
7460 2257
7461 11319
7462 11253
7463 3890
7464 2656
7465 11281
7466 4823
7467 10780
7468 10942
7469 10802
7470 4216
7471 4213
7472 11103
7473 11017
7474 11027
7475 11031
7476 2350
7477 2021
7478 4166
7479 11035
7480 4043
7481 11029
7482 11110
7483 11101
7484 2275
7485 4223
7486 11586
7487 11499
7488 31911
7489 2304
7490 10784
7491 11789
7492 4211
7493 10815
7494 265
7495 237
7496 31844
7497 154
7498 200
7499 762
7500 159
7501 768
7502 1794
7503 268
7504 1834
7505 770
7506 176
7507 168
7508 1793
7509 296
7510 1504
7511 759
7512 1503
7513 147
7514 310
7515 805
7516 894
7517 1719
7518 783
7519 265
7520 189
7521 723
7522 900
7523 361
7524 777
7525 163
7526 1822
7527 211
7528 158
7529 898
7530 762
7531 207
7532 782
7533 1855
7534 39
7535 190
7536 298
7537 213
7538 771
7539 306
7540 185
7541 42
7542 199
7543 164
7544 238
7545 197
7546 886
7547 342
7548 1252
7549 189
7550 767
7551 212
7552 124
7553 1835
7554 1598
7555 212
7556 724
7557 266
7558 839
7559 1758
7560 898
7561 732
7562 316
7563 1721
7564 752
7565 752
7566 309
7567 1598
7568 1719
7569 801
7570 1599
7571 6667
7572 6139
7573 7515
7574 22593
7575 6030
7576 29876
7577 30604
7579 33093
7580 1215
7581 894
7582 22510
7583 25434
7584 17783
