    Zone_id    Zone_ordinal    Dest_eligible    External
    1    1    1   32
    3    2    1   17
    4    3    1   30
    5    4    1   32
    6    5    1   32
    7    6    1   17
    8    7    1   32
    9    8    1   30
   10    9    1   30
   11   10    1   30
   15   11    1   32
   17   12    1   17
   18   13    1   17
   21   14    1   32
   22   15    1   32
   24   16    1   34
   25   17    1   33
   26   18    1   17
   27   19    1   17
   29   20    1   33
   30   21    1   33
   31   22    1   33
   32   23    1   33
   33   24    1   33
   34   25    1   34
   35   26    1   34
   36   27    1   34
   37   28    1   33
   38   29    1   34
   39   30    1   34
   40   31    1   34
   41   32    1   34
   42   33    1   34
   43   34    1   31
   44   35    1   34
   45   36    1   34
   46   37    1   34
   47   38    1   34
   48   39    1   31
   49   40    1   34
   50   41    1   34
   51   42    1   34
   52   43    1   34
   53   44    1   35
   54   45    1   35
   55   46    1   35
   56   47    1   34
   57   48    1   34
   58   49    1   34
   59   50    1   31
   60   51    1   34
   61   52    1   34
   62   53    1   34
   63   54    1   34
   65   55    1   34
   66   56    1   34
   67   57    1   33
   68   58    1   25
   69   59    1   26
   71   60    1   33
   72   61    1   33
   73   62    1   33
   74   63    1   33
   75   64    1   33
   76   65    1   33
   77   66    1   33
   80   67    1   34
   81   68    1   34
   84   69    1   34
   85   70    1   34
   86   71    1   34
   87   72    1   34
   88   73    1   34
   89   74    1   35
   90   75    1   35
   91   76    1   35
   92   77    1   35
   93   78    1   35
   94   79    1   35
   95   80    1   35
   96   81    1   35
   97   82    1   35
   98   83    1   35
   99   84    1   35
  100   85    1   35
  101   86    1   35
  102   87    1   35
  103   88    1   35
  104   89    1   35
  105   90    1   35
  106   91    1   35
  107   92    1   35
  108   93    1   35
  109   94    1   35
  110   95    1   35
  111   96    1   26
  112   97    1   26
  113   98    1   26
  114   99    1   26
  115  100    1   26
  116  101    1   26
  117  102    1   26
  118  103    1   26
  119  104    1   26
  120  105    1   26
  121  106    1   26
  122  107    1   35
  123  108    1   35
  124  109    1   35
  125  110    1   35
  126  111    1   26
  127  112    1   26
  130  113    1   26
  131  114    1   27
  132  115    1   25
  133  116    1   24
  134  117    1   24
  135  118    1   27
  137  119    1   27
  138  120    1   35
  139  121    1   35
  140  122    1   35
  141  123    1   35
  142  124    1   30
  143  125    1   36
  144  126    1   36
  146  127    1   38
  147  128    1   38
  148  129    1   39
  149  130    1   36
  150  131    1   38
  153  132    1   36
  154  133    1   36
  155  134    1   29
  156  135    1   36
  157  136    1   10
  158  137    1   10
  159  138    1   30
  160  139    1   30
  161  140    1   30
  162  141    1   30
  163  142    1   30
  164  143    1   30
  165  144    1   30
  166  145    1   10
  167  146    1   30
  169  147    1   30
  170  148    1   30
  173  149    1   30
  174  150    1   30
  175  151    1   30
  176  152    1   34
  177  153    1   34
  178  154    1   31
  179  155    1   31
  180  156    1   30
  181  157    1   30
  182  158    1   30
  184  159    1   29
  185  160    1   31
  186  161    1   29
  187  162    1   31
  188  163    1   31
  189  164    1    9
  191  165    1   29
  192  166    1   29
  193  167    1   29
  194  168    1   29
  195  169    1   39
  196  170    1   29
  197  171    1   29
  198  172    1   29
  199  173    1   31
  200  174    1   30
  201  175    1   31
  202  176    1   31
  203  177    1   31
  204  178    1   31
  205  179    1   31
  207  180    1   31
  208  181    1   31
  209  182    1   31
  210  183    1   31
  211  184    1   31
  212  185    1   31
  213  186    1   35
  214  187    1    1
  215  188    1    2
  216  189    1    1
  218  190    1    1
  219  191    1    2
  220  192    1    1
  221  193    1    2
  222  194    1    1
  223  195    1    1
  224  196    1    2
  225  197    1    1
  226  198    1    1
  227  199    1    1
  228  200    1    1
  229  201    1    1
  230  202    1    2
  231  203    1    2
  232  204    1    2
  233  205    1    3
  234  206    1    3
  235  207    1    2
  236  208    1    2
  237  209    1    3
  238  210    1    2
  239  211    1    2
  240  212    1    7
  241  213    1    7
  242  214    1    7
  243  215    1    3
  244  216    1    2
  245  217    1    2
  246  218    1    2
  247  219    1    2
  248  220    1    2
  249  221    1    4
  250  222    1    7
  251  223    1   38
  252  224    1    8
  253  225    1   38
  254  226    1    4
  255  227    1    4
  256  228    1    4
  257  229    1    4
  258  230    1    1
  259  231    1    1
  260  232    1    1
  261  233    1    1
  262  234    1    1
  263  235    1    3
  264  236    1    4
  265  237    1    1
  266  238    1    4
  267  239    1    4
  268  240    1    4
  269  241    1    4
  270  242    1    4
  271  243    1    4
  272  244    1    4
  273  245    1    4
  274  246    1    1
  275  247    1    3
  276  248    1    3
  277  249    1    3
  278  250    1    3
  279  251    1    3
  282  252    1    6
  284  253    1    6
  285  254    1    3
  286  255    1    5
  288  256    1    5
  289  257    1    3
  290  258    1    3
  291  259    1    5
  292  260    1    5
  293  261    1    3
  294  262    1    5
  295  263    1    3
  296  264    1    3
  297  265    1    5
  298  266    1    5
  299  267    1    5
  300  268    1    3
  302  269    1    5
  303  270    1    9
  304  271    1    9
  305  272    1    9
  306  273    1    7
  307  274    1    7
  308  275    1    7
  309  276    1    7
  310  277    1    8
  311  278    1    7
  312  279    1    7
  313  280    1    7
  314  281    1    5
  315  282    1    5
  316  283    1    5
  317  284    1    5
  318  285    1    5
  319  286    1   10
  320  287    1   10
  321  288    1    5
  322  289    1    5
  324  290    1    5
  325  291    1    5
  326  292    1    5
  327  293    1    5
  328  294    1    5
  330  295    1    5
  331  296    1    5
  332  297    1   18
  334  298    1    6
  335  299    1   18
  336  300    1   18
  337  301    1   18
  340  302    1    8
  341  303    1    6
  344  304    1    6
  346  305    1   16
  347  306    1   28
  348  307    1   28
  349  308    1   28
  350  309    1   28
  351  310    1   28
  352  311    1   28
  353  312    1   28
  354  313    1   28
  355  314    1   28
  356  315    1   28
  357  316    1   28
  358  317    1   28
  359  318    1   28
  360  319    1   28
  361  320    1   28
  362  321    1   28
  363  322    1   23
  364  323    1   23
  365  324    1   28
  366  325    1   28
  367  326    1   28
  368  327    1   23
  369  328    1   23
  370  329    1   19
  371  330    1   28
  372  331    1   23
  373  332    1   23
  374  333    1   19
  375  334    1   19
  376  335    1   19
  377  336    1   28
  379  337    1   38
  380  338    1   38
  381  339    1    8
  382  340    1    8
  383  341    1    8
  384  342    1    7
  385  343    1    8
  386  344    1    8
  387  345    1    8
  388  346    1    8
  389  347    1    8
  390  348    1    8
  391  349    1    8
  392  350    1    8
  393  351    1    8
  394  352    1    8
  395  353    1    8
  396  354    1   11
  397  355    1    8
  398  356    1    8
  399  357    1    8
  400  358    1   12
  401  359    1   12
  402  360    1   12
  403  361    1    8
  404  362    1   38
  405  363    1    9
  409  364    1    9
  410  365    1   10
  412  366    1   10
  413  367    1   10
  414  368    1   10
  415  369    1   10
  416  370    1   10
  417  371    1   10
  418  372    1   10
  419  373    1   10
  420  374    1   10
  421  375    1   17
  422  376    1   17
  423  377    1   17
  424  378    1   17
  425  379    1   17
  426  380    1   18
  427  381    1   17
  428  382    1   18
  429  383    1   18
  430  384    1   18
  431  385    1   18
  432  386    1   18
  434  387    1    6
  438  388    1   23
  439  389    1   19
  440  390    1   19
  442  391    1   19
  443  392    1   19
  444  393    1   28
  445  394    1   28
  446  395    1   19
  447  396    1   19
  449  397    1   18
  451  398    1   18
  452  399    1   18
  453  400    1   18
  454  401    1   18
  455  402    1   18
  456  403    1   17
  457  404    1   17
  459  405    1   17
  460  406    1   18
  461  407    1   18
  462  408    1   18
  463  409    1   18
  464  410    1   18
  465  411    1   18
  466  412    1   18
  467  413    1   20
  468  414    1   22
  469  415    1   22
  470  416    1   19
  472  417    1   20
  474  418    1   22
  475  419    1   22
  476  420    1   20
  477  421    1   20
  481  422    1   18
  482  423    1   17
  486  424    1   22
  487  425    1   21
  488  426    1   21
  489  427    1   21
  491  428    1   22
  492  429    1   19
  493  430    1   11
  494  431    1   11
  495  432    1   13
  496  433    1   13
  499  434    1   11
  500  435    1   11
  501  436    1   11
  502  437    1   11
  503  438    1   11
  504  439    1   11
  505  440    1    8
  506  441    1    8
  507  442    1   11
  508  443    1    8
  509  444    1   11
  510  445    1   11
  511  446    1   12
  512  447    1   12
  513  448    1   12
  514  449    1   12
  515  450    1   12
  516  451    1   12
  517  452    1   12
  518  453    1   12
  519  454    1   12
  520  455    1   12
  521  456    1   12
  522  457    1   12
  523  458    1   12
  524  459    1   11
  525  460    1   11
  526  461    1   13
  527  462    1   13
  528  463    1   12
  529  464    1   11
  531  465    1   11
  532  466    1   13
  533  467    1   13
  535  468    1   13
  536  469    1   19
  540  470    1   37
  543  471    1   22
  544  472    1   24
  545  473    1   24
  548  474    1   24
  554  475    1   25
  555  476    1   25
  556  477    1   25
  557  478    1   24
  558  479    1   24
  559  480    1   24
  564  481    1   27
  565  482    1   27
  568  483    1   13
  569  484    1   14
  570  485    1   14
  571  486    1   13
  572  487    1   13
  573  488    1   13
  574  489    1   13
  575  490    1   15
  576  491    1   13
  577  492    1   12
  578  493    1   15
  579  494    1   12
  580  495    1   16
  581  496    1   15
  582  497    1   15
  583  498    1   15
  584  499    1   16
  585  500    1   15
  586  501    1   15
  587  502    1   15
  588  503    1   15
  589  504    1   14
  590  505    1   15
  591  506    1   15
  592  507    1   14
  593  508    1   14
  594  509    1   14
  595  510    1   14
  596  511    1   14
  597  512    1   14
  598  513    1   27
  600  514    1   27
  602  515    1   27
  603  516    1   24
  604  517    1   24
  605  518    1   26
  606  519    1   26
  607  520    1   26
  608  521    1   26
  609  522    1   27
  610  523    1   28
  611  524    1   28
  612  525    1   28
  613  526    1   28
  614  527    1   28
  615  528    1   15
  616  529    1   15
  617  530    1   15
  618  531    1   15
  619  532    1   15
  620  533    1   15
  621  534    1   16
  622  535    1   15
  623  536    1   16
  624  537    1   16
  625  538    1   16
  626  539    1   16
  627  540    1   16
  628  541    1   16
  629  542    1   16
  630  543    1   16
  631  544    1   16
  632  545    1   16
  634  546    1   16
  635  547    1   16
  637  548    1   16
  638  549    1   35
  679  550    1   11
  680  551    1   11
  681  552    1   11
  682  553    1   11
  684  554    1   11
  685  555    1   16
  686  556    1   16
  687  557    1   16
  691  558    1   25
  692  559    1   25
  694  560    1   20
  696  561    1   29
  697  562    1   31
  699  563    1   33
  703  564    1   27
  705  565    1   26
  706  566    1   26
  707  567    1   17
  708  568    1   17
  709  569    1   25
  711  570    1   21
  712  571    1   25
  713  572    1   36
  714  573    1   36
  715  574    1   38
  716  575    1   38
  717  576    1   20
  718  577    1   18
  719  578    1   33
  721  579    1    5
  723  580    1    5
  724  581    1    5
  726  582    1    5
  731  583    1    5
  734  584    1    5
  735  585    1    5
  739  586    1   37
  740  587    1   27
  743  588    1   19
  744  589    1   19
  747  590    1   19
  748  591    1   37
  749  592    1   37
  750  593    1   19
  751  594    1   19
  752  595    1    3
  754  596    1    3
  755  597    1    3
  757  598    1    6
  763  599    1   21
  764  600    1   25
  765  601    1   20
  766  602    1   30
  767  603    1   30
  773  604    1    9
  775  605    1   29
  776  606    1   30
  777  607    1   32
  778  608    1   32
  779  609    1   32
  780  610    1   32
  781  611    1   34
  782  612    1   34
  786  613    1   32
  795  614    1   32
  796  615    1   34
  797  616    1   33
  798  617    1   33
  799  618    1   33
  801  619    1   33
  804  620    1   33
  805  621    1   35
  806  622    1   35
  807  623    1   35
  808  624    1   22
  812  625    1   22
  813  626    1   22
  814  627    1   22
  815  628    1   22
  816  629    1   27
  817  630    1   27
  818  631    1   27
  822  632    1   27
  824  633    1   27
  825  634    1   27
  828  635    1   10
  830  636    1   10
  831  637    1   10
  833  638    1    9
  834  639    1    9
  835  640    1    9
  837  641    1    9
  838  642    1    9
  839  643    1    9
  840  644    1   25
  841  645    1   25
  842  646    1   25
  843  647    1   25
  844  648    1   25
  845  649    1   25
  846  650    1   32
  847  651    1   32
  849  652    1    4
  850  653    1   27
  851  654    1   27
  852  655    1   27
  853  656    1   25
  854  657    1   25
  855  658    1   17
  856  659    1   17
  857  660    1   18
  858  661    1   18
  859  662    1   24
  860  663    1   24
  861  664    1   25
  862  665    1   25
  863  666    1   25
  864  667    1   25
  865  668    1   22
  866  669    1   22
  867  670    1   32
  868  671    1   32
  869  672    1   32
  870  673    1   32
  871  674    1   13
  872  675    1   13
  873  676    1   13
  874  677    1   13
  875  678    1   13
  876  679    1   13
  877  680    1   11
  878  681    1   13
  880  682    1    6
  881  683    1    6
  882  684    1    6
  883  685    1    6
  884  686    1    6
  885  687    1    6
  886  688    1    6
  887  689    1   19
  888  690    1   19
  889  691    1   29
  890  692    1   30
  891  693    1   19
  892  694    1   19
  893  695    1   22
  894  696    1   18
  895  697    1   18
  896  698    1   18
  897  699    1    6
  898  700    1    6
  901  701    1   19
  902  702    1   19
  903  703    1   22
  904  704    1   22
  905  705    1    9
  906  706    1    9
  907  707    1    9
  908  708    1    9
  909  709    1    2
 1001  710    0   40
 1002  711    0   40
 1003  712    0   40
 1004  713    0   40
 1005  714    0   40
 1006  715    0   40
 1007  716    0   40
 1008  717    0   40
 1009  718    0   40
 1010  719    0   40
 1011  720    0   40
 1012  721    0   40
 1013  722    0   40
 1014  723    0   40
 1015  724    0   40
 1016  725    0   40
 1017  726    0   40
 1018  727    0   40
 1019  728    0   40
 1020  729    0   40
 1021  730    0   40
 1022  731    0   40
 1023  732    0   40
 1024  733    0   40
 1025  734    0   40
 1026  735    0   40
 1027  736    0   40
 1028  737    0   40
 1029  738    0   40
 1030  739    0   40
 1031  740    0   40
 1032  741    0   40
 1033  742    0   40
 1034  743    0   40
 1035  744    0   40
 1036  745    0   40
 1037  746    0   40
