id node_id
1 1692
2 29942
10 11480
11 10285
12 10284
13 10160
14 10161
15 10155
16 10311
17 10304
18 10314
19 9079
20 3525
21 11217
22 11244
23 11020
24 29817
25 23945
26 21194
27 15713
28 22406
29 23715
30 23395
31 23142
32 9036
33 9030
34 8872
35 9265
36 15120
37 20688
38 20649
39 8916
40 8948
41 8993
42 8595
43 9157
44 8734
45 8387
46 8415
47 14623
48 14629
49 14611
50 11540
51 11524
52 11511
53 11512
54 11067
55 9919
56 9923
57 9825
58 10919
59 10390
60 10920
61 10461
62 8227
63 10455
64 10458
65 10437
66 10368
67 13190
68 13229
69 20573
70 19196
71 19256
72 13364
73 14729
74 20602
75 20698
76 20795
77 20978
78 20814
79 11343
80 10704
81 10388
82 10426
83 10515
84 10402
85 10371
86 10509
87 10709
88 10483
89 10422
90 9850
91 9602
92 10005
93 10241
94 9993
95 3393
96 10217
97 3410
98 10094
99 23306
100 23904
101 23441
102 18381
103 23019
104 23088
105 23424
106 10787
107 10700
108 10686
109 8919
110 10405
111 8008
112 13376
113 10938
114 10956
115 10910
116 10949
117 7980
118 8086
119 14521
120 14527
121 10759
122 19056
123 14442
124 14707
125 14982
126 14995
127 14976
128 15081
129 361
130 15155
131 9712
132 9652
133 3058
134 8796
135 9678
136 10245
137 3527
138 3458
139 6154
140 3432
141 19868
142 29688
143 29712
144 29728
145 26781
146 29693
147 27907
148 29630
149 29520
150 10631
151 10930
152 10826
153 10671
154 11570
155 8211
156 11065
157 11527
158 11002
159 9378
160 10911
161 9451
162 9018
163 9027
164 10555
165 10749
166 8880
167 9177
168 28564
169 27805
170 8205
171 13601
172 13593
173 13602
174 12437
175 14294
176 13436
177 13516
178 13439
179 13478
180 14306
181 14290
182 14367
183 12519
184 13922
185 21521
186 17555
187 17561
188 21485
189 20473
190 21648
191 17597
192 28146
193 27906
194 28223
195 29342
196 29316
197 27920
198 27977
199 29570
200 28135
201 26747
202 10684
203 8794
204 8600
205 9751
206 12330
207 8576
208 10773
209 8623
210 9223
211 9033
212 11897
213 8457
214 8410
215 26443
216 27669
217 15255
218 26245
219 27130
220 26016
221 15217
222 14050
223 12493
224 8110
225 14255
226 14245
227 386
228 14637
229 13351
230 13338
231 13327
232 14577
233 21760
234 21863
235 13653
236 20734
237 21013
238 20766
239 20330
240 19966
241 20332
242 26699
243 28151
244 23891
245 29587
246 23933
247 26988
248 26986
249 26895
250 26919
251 23997
252 14742
253 25988
254 15239
255 29915
256 24039
257 29142
258 29241
259 29141
260 20297
261 29910
262 29201
263 26630
264 14604
265 13188
266 13179
267 10796
268 20547
269 21089
270 20981
271 20518
272 20548
273 20956
274 20955
275 20493
276 19631
277 21596
278 21576
279 21485
280 21742
281 19346
282 17515
283 19320
284 22303
285 27217
286 23158
287 22069
288 29812
289 25068
290 12427
291 25251
292 8018
293 25216
294 14860
295 14827
296 25336
297 14755
298 26593
299 26625
300 20944
301 18329
302 21506
303 22082
304 22432
305 20460
306 19298
307 19996
308 3542
309 3263
310 24096
311 3620
312 3369
313 3755
314 24177
315 25087
316 25007
317 25435
318 25993
319 14749
320 14946
321 15232
322 15684
323 28304
324 14844
325 27789
326 26845
327 26242
328 8136
329 19071
330 22128
331 22489
332 22574
333 22147
334 3015
335 3268
336 10392
337 20145
338 12765
339 12470
340 12472
341 12601
342 18580
343 19220
344 3556
345 11729
346 3357
347 2601
348 8182
349 10835
350 13263
351 12827
352 12894
353 11417
354 11669
355 12513
356 12518
357 13078
358 13164
359 12524
360 13062
361 13121
362 14000
363 14042
364 14200
365 18788
366 18682
367 18901
368 2889
369 3323
370 3292
371 24696
372 3314
373 24169
374 25152
375 11285
376 3346
377 3408
378 3348
379 1443
380 8436
381 1542
382 2840
383 5043
384 8684
385 5197
386 9911
387 8333
388 8204
389 8159
390 12682
391 7102
392 12857
393 12671
394 12582
395 12640
396 7095
397 6102
398 6105
399 7073
400 6166
401 3901
402 26324
403 24427
404 25102
405 3157
406 12235
407 11009
408 12243
409 12236
410 12187
411 12166
412 12025
413 11975
414 11908
415 11901
416 9920
417 9740
418 9628
419 9673
420 9672
421 8690
422 9749
423 9714
424 9723
425 9724
426 9687
427 9684
428 9792
429 9688
430 9717
431 9720
432 10427
433 10399
434 10560
435 8311
436 9336
437 9826
438 10209
439 10083
440 13090
441 13092
442 13096
443 13022
444 12722
445 12962
446 12966
447 1405
448 13014
449 1498
450 12620
451 14023
452 13045
453 12620
454 13047
455 12468
456 13664
457 13790
458 7774
459 12543
460 1936
461 3286
462 24230
463 3699
464 24251
465 3677
466 24376
467 24792
468 24802
469 24632
470 24196
471 24240
472 10079
473 10091
474 9830
475 9764
476 1579
477 10066
478 3459
479 10428
480 9944
481 10496
482 10494
483 9934
484 9854
485 9856
486 9858
487 9845
488 10402
489 10496
490 10489
491 10401
492 10533
493 10359
494 10048
495 13739
496 7244
497 6938
498 6459
499 7773
500 7741
501 7721
502 14054
503 14194
504 572
505 13660
506 14217
507 7832
508 7833
509 7728
510 24247
511 3815
512 24112
513 3560
514 25058
515 25145
516 24170
517 24620
518 3195
519 11727
520 3658
521 6149
522 6148
523 5840
524 5844
525 5777
526 5863
527 5913
528 5792
529 5825
530 5791
531 5904
532 5890
533 5892
534 1522
535 10735
536 10011
537 10012
538 7564
539 7909
540 17081
541 7149
542 6406
543 7970
544 7899
545 1362
546 3597
547 3619
548 11856
549 11809
550 11813
551 25020
552 11693
553 11883
554 10503
555 9995
556 10032
557 9863
558 9863
559 10017
560 10021
561 9651
562 10386
563 10728
564 10741
565 8315
566 10265
567 10232
568 10267
569 10234
570 9609
571 10052
572 12866
573 19212
574 7150
575 23647
576 23555
577 26809
578 23881
579 23739
580 11060
581 2736
582 25070
583 11922
584 11722
585 25080
586 25081
587 26598
588 29140
589 27820
590 29167
591 28483
592 28824
593 28817
594 3401
595 3585
596 3495
597 2880
598 3023
599 3138
600 3025
601 10192
602 23337
603 23291
604 28232
605 28162
606 27944
607 28479
608 29734
609 29658
610 23447
611 3668
612 24584
613 1448
614 14627
615 14455
616 20903
617 20856
618 8886
619 30010
620 10853
621 11444
622 11570
623 9506
624 8891
625 14795
626 9143
627 9214
628 9248
629 9240
630 9347
631 9371
632 9230
633 9162
634 9319
635 5084
636 5078
637 5047
638 8589
639 8419
640 8523
641 12399
642 12358
643 26595
644 28884
645 26366
646 20297
647 27682
648 3326
649 11031
650 11781
651 13249
652 11105
653 9078
654 1378
655 11768
656 11787
657 11319
658 11600
659 11146
660 29672
661 15808
662 27221
663 29568
664 21150
665 15812
666 29676
667 29816
668 26773
669 20858
670 20537
671 21112
672 21135
673 9403
674 9404
675 9423
676 9485
677 8816
678 9482
679 9437
680 9400
681 9555
682 8958
683 8949
684 8530
685 8531
686 8516
687 8513
688 14758
689 12306
690 8500
691 8508
692 8661
693 1576
694 9897
695 14849
696 8031
697 14463
698 27367
699 57
700 20164
701 28377
702 29114
703 29894
704 20268
705 20269
706 24059
707 26660
708 29901
709 29902
710 29940
711 29950
712 18377
713 21345
714 21444
715 12698
716 12855
717 12665
718 1503
719 7150
720 11408
721 9928
722 13212
723 13103
724 13115
725 11190
726 3112
727 3457
728 3403
729 3371
730 1555
731 2836
732 12956
733 7166
734 12589
735 12616
736 13017
737 13023
738 14011
739 13665
740 14058
741 13665
742 13737
743 7786
744 12542
745 7242
746 11966
747 11903
748 12004
749 330
750 24208
751 24393
752 24404
753 24408
754 24394
755 3547
756 12213
757 24236
758 25542
759 25146
760 3646
761 20530
762 10629
763 9265
764 27841
765 27828
766 24059
767 29898
768 29940
769 29909
770 20266
771 20301
772 28869
773 28517
774 28823
775 27509
776 27288
777 27459
778 29171
779 20520
780 20989
781 1584
782 2812
783 2784
784 8683
785 8681
786 4817
787 5848
788 11105
789 11364
790 20400
791 20087
792 18408
793 28094
794 26747
795 25137
796 2609
797 3569
798 11587
799 2355
800 8734
801 9289
802 9187
803 10412
804 9327
805 13193
806 10595
807 8762
808 25790
809 25279
810 26259
811 28767
812 26634
813 26607
814 27473
815 20547
816 5194
817 5196
818 8712
819 9636
820 9714
821 9722
822 11591
823 11098
824 11306
825 21526
826 17583
827 26608
828 26510
829 28660
830 26633
831 28495
832 25205
833 24442
834 25801
835 12286
836 2826
837 1586
838 5065
839 2856
840 5198
841 5177
842 8710
843 5183
844 1529
845 5189
846 4818
847 5204
848 9746
849 9685
850 9745
851 9740
852 9729
853 9725
854 1410
855 9781
856 7249
857 7255
858 7324
859 7771
860 7788
861 7741
862 7832
863 7615
864 7837
865 7830
866 7973
867 10127
868 8493
869 14892
870 21163
871 21123
872 20922
873 20846
874 20524
875 15205
876 9047
877 26563
878 27485
879 26495
880 27260
881 27613
882 28925
883 21085
884 19039
885 19154
886 5849
887 11167
888 11604
889 8298
890 10266
891 10817
892 10163
893 20499
894 19493
895 29327
896 29320
897 18411
898 29698
899 24999
900 25055
901 8744
902 9310
903 9318
904 8038
905 8548
906 26908
907 26852
908 26222
909 26866
910 14401
911 28631
912 24119
913 12296
914 24968
915 24461
916 19228
917 20934
918 547
919 19193
920 9678
921 9716
922 9689
923 1536
924 11281
925 11153
926 11119
927 11095
928 21528
929 28961
930 24910
931 20304
932 28978
933 28515
934 28552
935 29285
936 9778
937 5838
938 10452
939 10459
940 8365
941 9820
942 10194
943 9638
944 9622
945 9591
946 9692
947 9769
948 9779
949 5960
950 9799
951 8290
952 10419
953 9882
954 9853
955 10472
956 10513
957 10378
958 10378
959 5963
960 3899
961 13100
962 13094
963 13016
964 12681
965 8197
966 6192
967 10146
968 1414
969 9037
970 11405
971 9490
972 11501
973 9395
974 11508
975 9380
976 9465
977 8824
978 9438
979 9440
980 9263
981 9441
982 9287
983 26330
984 27818
985 26436
986 27793
987 18539
988 13518
989 18936
990 20990
991 22489
992 20938
993 4819
994 5816
995 8355
996 9714
997 9747
998 9758
999 9671
1000 9666
1001 9690
1002 12515
1003 5927
1004 3524
1005 2870
1006 19491
1007 19333
1008 20456
1009 21928
1010 15724
1011 28114
1012 23163
1013 26758
1014 23950
1015 11860
1016 12324
1017 2965
1018 8408
1019 8503
1020 8441
1021 14780
1022 27248
1023 24474
1024 24976
1025 24848
1026 52
1027 22395
1028 18397
1029 9787
1030 9784
1031 3063
1032 10211
1033 10212
1034 10082
1035 10088
1036 10091
1037 10821
1038 10266
1039 10158
1040 10310
1041 10811
1042 10159
1043 10287
1044 10173
1045 10298
1046 11462
1047 14184
1048 18417
1049 21696
1050 29979
1051 26753
1052 28944
1053 12241
1054 27285
1055 26525
1056 26427
1057 10089
1058 10069
1059 10056
1060 5753
1061 5935
1062 5797
1063 5782
1064 3488
1065 3432
1066 10715
1067 10479
1068 10483
1069 9988
1070 10028
1071 9653
1072 9605
1073 13127
1074 23906
1075 23917
1076 27984
1077 28347
1078 9397
1079 8219
1080 8231
1081 15066
1082 14420
1083 9073
1084 15174
1085 15134
1086 356
1087 8988
1088 27281
1089 27768
1090 28405
1091 29107
1092 27683
1093 27615
1094 20658
1095 20661
1096 22261
1097 14570
1098 20592
1099 21089
1100 9675
1101 9677
1102 9676
1103 9680
1104 9708
1105 5768
1106 10497
1107 10421
1108 10373
1109 10376
1110 10532
1111 10487
1112 10715
1113 10694
1114 10001
1115 12842
1116 12893
1117 17551
1118 15733
1119 19533
1120 21240
1121 23243
1122 23625
1123 23653
1124 29626
1125 29816
1126 23471
1127 1573
1128 3286
1129 2700
1130 24733
1131 11817
1132 24499
1133 3800
1134 2985
1135 12306
1136 8491
1137 1568
1138 8505
1139 8380
1140 8330
1141 25703
1142 25749
1143 14930
1144 25032
1145 24995
1146 25028
1147 27577
1148 21083
1149 13927
1150 13864
1151 21092
1152 20548
1153 9829
1154 9774
1155 5962
1156 1524
1157 10429
1158 10430
1159 1375
1160 11241
1161 3470
1162 10733
1163 10372
1164 29772
1165 28979
1166 28352
1167 26391
1168 27735
1169 27674
1170 26386
1171 10720
1172 8301
1173 10262
1174 10257
1175 10256
1176 9603
1177 9654
1178 10253
1179 6116
1180 10181
1181 9643
1182 2892
1183 3220
1184 3334
1185 29597
1186 23313
1187 20035
1188 23314
1189 28347
1190 26723
1191 29395
1192 27202
1193 23134
1194 21160
1195 21195
1196 27920
1197 22300
1198 8877
1199 1398
1200 8550
1201 8592
1202 8376
1203 9256
1204 8822
1205 8065
1206 9216
1207 9212
1208 9185
1209 9334
1210 9234
1211 9183
1212 9187
1213 9292
1214 9158
1215 9371
1216 27659
1217 26450
1218 27806
1219 20823
1220 18964
1221 20916
1222 18941
1223 14668
1224 14704
1225 14694
1226 14678
1227 14668
1228 20522
1229 20775
1230 337
1231 9819
1232 9632
1233 10229
1234 10076
1235 9696
1236 9668
1237 9807
1238 9746
1239 9730
1240 5891
1241 9654
1242 10019
1243 9590
1244 8485
1245 11230
1246 12549
1247 17189
1248 8199
1249 18674
1250 23154
1251 27964
1252 21076
1253 2769
1254 2761
1255 3271
1256 25152
1257 24124
1258 1448
1259 1450
1260 14788
1261 14736
1262 8017
1263 28893
1264 25781
1265 29158
1266 13222
1267 20650
1268 22178
1269 22268
1270 21068
1271 9849
1272 10020
1273 9928
1274 9931
1275 10479
1276 10376
1277 5958
1278 5957
1279 8187
1280 9776
1281 9721
1282 5946
1283 18956
1284 20311
1285 27409
1286 26416
1287 27492
1288 25006
1289 27582
1290 28961
1291 10263
1292 10160
1293 3176
1294 1374
1295 11331
1296 11792
1297 11273
1298 11761
1299 11772
1300 13856
1301 11295
1302 28219
1303 27892
1304 21155
1305 29640
1306 15811
1307 23099
1308 23104
1309 29878
1310 29840
1311 9152
1312 9327
1313 9153
1314 9221
1315 9338
1316 9894
1317 8577
1318 8590
1319 8383
1320 8422
1321 8449
1322 8454
1323 12348
1324 14749
1325 8431
1326 8489
1327 8666
1328 28580
1329 27797
1330 27602
1331 27810
1332 26334
1333 15029
1334 14670
1335 15035
1336 14980
1337 14598
1338 13606
1339 14501
1340 13222
1341 19078
1342 15137
1343 9941
1344 9857
1345 9855
1346 9943
1347 10500
1348 14132
1349 10144
1350 18801
1351 18781
1352 18779
1353 18916
1354 18724
1355 28142
1356 28001
1357 21119
1358 23104
1359 25856
1360 26342
1361 24138
1362 12243
1363 12155
1364 9249
1365 14627
1366 9388
1367 14645
1368 14557
1369 8035
1370 14512
1371 14474
1372 14618
1373 26426
1374 27656
1375 28964
1376 28994
1377 27513
1378 26581
1379 14978
1380 20719
1381 18980
1382 22254
1383 13524
1384 22591
1385 10090
1386 1565
1387 5843
1388 5840
1389 5820
1390 5788
1391 5753
1392 10477
1393 10237
1394 5953
1395 25879
1396 25009
1397 28493
1398 29161
1399 25832
1400 25838
1401 29244
1402 11122
1403 11601
1404 10817
1405 10660
1406 8364
1407 10304
1408 10291
1409 10302
1410 13481
1411 2847
1412 11120
1413 11476
1414 11476
1415 9134
1416 11225
1417 26773
1418 29861
1419 29683
1420 23931
1421 29798
1422 22164
1423 22133
1424 23555
1425 23656
1426 23615
1427 9891
1428 14392
1429 12055
1430 14561
1431 14616
1432 14636
1433 11537
1434 8211
1435 11951
1436 11068
1437 11936
1438 9906
1439 9963
1440 9950
1441 10611
1442 28739
1443 27542
1444 28393
1445 27579
1446 24442
1447 13512
1448 13490
1449 13446
1450 12491
1451 12509
1452 13549
1453 13526
1454 13142
1455 14287
1456 14274
1457 14374
1458 14375
1459 14371
1460 10507
1461 10522
1462 10063
1463 10044
1464 5818
1465 5808
1466 5795
1467 5785
1468 5910
1469 10708
1470 8706
1471 2782
1472 9828
1473 10407
1474 18913
1475 19219
1476 19219
1477 13051
1478 29662
1479 26677
1480 14193
1481 29694
1482 12240
1483 12181
1484 12169
1485 10602
1486 8997
1487 9277
1488 11525
1489 9926
1490 9876
1491 9956
1492 9961
1493 8235
1494 10643
1495 10635
1496 27023
1497 24447
1498 26346
1499 27356
1500 15024
1501 15036
1502 21771
1503 5930
1504 5776
1505 5810
1506 5828
1507 5918
1508 10473
1509 21402
1510 18513
1511 28978
1512 24100
1513 28329
1514 29934
1515 26636
1516 28901
1517 25849
1518 26324
1519 11271
1520 3018
1521 10512
1522 10387
1523 10484
1524 10471
1525 10690
1526 10517
1527 3127
1528 1440
1529 10068
1530 3377
1531 1587
1532 5940
1533 10249
1534 10027
1535 10043
1536 8691
1537 9682
1538 11561
1539 23613
1540 22094
1541 23305
1542 19812
1543 23159
1544 15829
1545 23491
1546 23443
1547 10604
1548 10618
1549 10347
1550 10639
1551 13391
1552 10586
1553 10458
1554 9338
1555 8592
1556 9847
1557 10772
1558 14650
1559 10745
1560 13390
1561 10911
1562 10912
1563 10939
1564 8210
1565 13353
1566 13353
1567 13366
1568 20214
1569 28576
1570 26553
1571 26326
1572 28845
1573 14375
1574 14250
1575 14389
1576 18954
1577 13220
1578 22273
1579 21045
1580 10371
1581 10744
1582 10722
1583 10734
1584 10382
1585 12532
1586 14044
1587 14007
1588 18741
1589 544
1590 18706
1591 18699
1592 29317
1593 29813
1594 29864
1595 22578
1596 215
1597 22663
1598 24723
1599 10534
1600 10902
1601 8362
1602 8279
1603 10462
1604 10205
1605 14395
1606 14454
1607 15257
1608 28715
1609 29041
1610 27624
1611 29297
1612 20756
1613 20596
1614 20594
1615 20776
1616 22146
1617 10282
1618 5786
1619 5899
1620 3432
1621 3442
1622 21644
1623 22235
1624 10831
1625 13309
1626 13196
1627 13296
1628 13215
1629 14732
1630 20806
1631 20656
1632 14066
1633 13569
1634 10724
1635 9704
1636 3332
1637 3480
1638 13239
1639 22059
1640 14210
1641 23435
1642 29969
1643 15809
1644 26677
1645 26677
1646 29747
1647 26717
1648 29077
1649 13360
1650 12091
1651 10858
1652 10869
1653 10672
1654 10746
1655 10885
1656 11567
1657 11566
1658 8809
1659 8933
1660 14641
1661 10777
1662 9182
1663 9019
1664 8952
1665 8434
1666 26510
1667 28636
1668 26627
1669 28606
1670 28856
1671 29902
1672 29191
1673 14263
1674 14634
1675 14484
1676 14635
1677 9625
1678 14181
1679 10835
1680 10474
1681 9992
1682 10007
1683 10730
1684 8303
1685 8316
1686 10031
1687 9989
1688 9989
1689 9989
1690 8302
1691 8302
1692 11024
1693 3435
1694 20745
1695 19970
1696 6099
1697 29750
1698 23938
1699 27939
1700 15714
1701 15703
1702 23852
1703 12280
1704 12116
1705 12139
1706 12142
1707 12142
1708 15127
1709 14895
1710 21162
1711 9276
1712 9055
1713 9659
1714 9835
1715 10362
1716 10779
1717 10859
1718 15246
1719 28364
1720 26426
1721 27525
1722 28410
1723 28348
1724 28256
1725 18987
1726 19165
1727 15185
1728 14978
1729 15182
1730 20591
1731 14981
1732 8133
1733 10556
1734 2783
1735 2993
1736 3582
1737 2873
1738 3443
1739 3543
1740 10660
1741 8305
1742 8308
1743 20620
1744 19965
1745 20672
1746 20704
1747 20595
1748 20592
1749 20962
1750 20810
1751 19097
1752 18995
1753 14692
1754 15024
1755 8057
1756 30027
1757 17205
1758 22002
1759 15781
1760 21504
1761 22443
1762 18233
1763 18305
1764 21532
1765 21578
1766 19436
1767 19402
1768 19343
1769 20606
1770 26691
1771 29605
1772 29552
1773 29633
1774 28433
1775 28046
1776 29512
1777 26734
1778 8913
1779 8952
1780 9459
1781 9084
1782 10390
1783 8522
1784 9971
1785 26087
1786 28590
1787 28963
1788 28631
1789 24103
1790 27576
1791 28859
1792 27565
1793 13342
1794 12827
1795 8189
1796 13298
1797 12516
1798 12791
1799 10231
1800 10249
1801 21965
1802 21494
1803 18441
1804 21840
1805 20551
1806 14096
1807 10142
1808 10149
1809 10122
1810 15705
1811 29588
1812 28081
1813 11043
1814 12018
1815 12020
1816 11056
1817 11888
1818 8802
1819 8847
1820 9533
1821 10764
1822 10971
1823 19924
1824 12067
1825 10954
1826 26063
1827 12432
1828 25705
1829 25244
1830 25762
1831 26590
1832 29893
1833 29897
1834 29902
1835 27802
1836 28470
1837 28268
1838 13574
1839 13502
1840 13454
1841 13529
1842 21568
1843 14296
1844 14128
1845 13259
1846 8307
1847 10727
1848 8294
1849 18905
1850 22452
1851 15188
1852 15099
1853 13629
1854 13607
1855 13623
1856 13449
1857 13511
1858 13568
1859 12466
1860 20736
1861 19301
1862 19619
1863 19599
1864 20455
1865 27905
1866 29582
1867 29301
1868 26665
1869 27889
1870 29674
1871 29827
1872 28439
1873 28096
1874 14903
1875 27226
1876 14900
1877 26271
1878 26843
1879 25909
1880 12365
1881 25324
1882 65
1883 28858
1884 24809
1885 25818
1886 24869
1887 24995
1888 26423
1889 12293
1890 27446
1891 28875
1892 28268
1893 28844
1894 14604
1895 14606
1896 14572
1897 14580
1898 13202
1899 12890
1900 10215
1901 6115
1902 10085
1903 3589
1904 3505
1905 18189
1906 3890
1907 12744
1908 12677
1909 7299
1910 15717
1911 22099
1912 22056
1913 24358
1914 3560
1915 8002
1916 11391
1917 11396
1918 10908
1919 10334
1920 10938
1921 10337
1922 7981
1923 13388
1924 8086
1925 14516
1926 25704
1927 67
1928 78
1929 25280
1930 25328
1931 25160
1932 29248
1933 29228
1934 29241
1935 29240
1936 29902
1937 28891
1938 14313
1939 14049
1940 14361
1941 18943
1942 345
1943 527
1944 12512
1945 12798
1946 13242
1947 12789
1948 12878
1949 10029
1950 9865
1951 10024
1952 8292
1953 10240
1954 10181
1955 22087
1956 21479
1957 6114
1958 12600
1959 17072
1960 14285
1961 12489
1962 13684
1963 14035
1964 14018
1965 13987
1966 14391
1967 18935
1968 13378
1969 13343
1970 8046
1971 14524
1972 21572
1973 20395
1974 20431
1975 20392
1976 21974
1977 19926
1978 17508
1979 17605
1980 23474
1981 23404
1982 23382
1983 23546
1984 23750
1985 23205
1986 89
1987 14757
1988 25198
1989 25939
1990 25735
1991 25444
1992 25247
1993 26007
1994 25166
1995 26062
1996 368
1997 25413
1998 24470
1999 25390
2000 26726
2001 26599
2002 28337
2003 13571
2004 13189
2005 13407
2006 13181
2007 10882
2008 8170
2009 10676
2010 11273
2011 11128
2012 11408
2013 11131
2014 11410
2015 12553
2016 3094
2017 3139
2018 20550
2019 20735
2020 20746
2021 20764
2022 12707
2023 12669
2024 1495
2025 23370
2026 23279
2027 23260
2028 27164
2029 3701
2030 24334
2031 24407
2032 24762
2033 11379
2034 8890
2035 9417
2036 10658
2037 10663
2038 10851
2039 7983
2040 12060
2041 26143
2042 25177
2043 26000
2044 25197
2045 25752
2046 26003
2047 29142
2048 26726
2049 29107
2050 29294
2051 12104
2052 28936
2053 29900
2054 5644
2055 11174
2056 11132
2057 11420
2058 10281
2059 3334
2060 18257
2061 21534
2062 18482
2063 20763
2064 17127
2065 19186
2066 18616
2067 14573
2068 7991
2069 13421
2070 13373
2071 13322
2072 13361
2073 13422
2074 13404
2075 10846
2076 13282
2077 8174
2078 20563
2079 21100
2080 21168
2081 21081
2082 20991
2083 20979
2084 22015
2085 20960
2086 20090
2087 19115
2088 18538
2089 21514
2090 19378
2091 23661
2092 29486
2093 29644
2094 23945
2095 3296
2096 3543
2097 15273
2098 28279
2099 14864
2100 14820
2101 27351
2102 27667
2103 14871
2104 26452
2105 29223
2106 28535
2107 29100
2108 27858
2109 20214
2110 28379
2111 29216
2112 10808
2113 8179
2114 13262
2115 3044
2116 3046
2117 3112
2118 3095
2119 10268
2120 10263
2121 18543
2122 20370
2123 20464
2124 21556
2125 6107
2126 7157
2127 27158
2128 23010
2129 23087
2130 29748
2131 29717
2132 29812
2133 2771
2134 25479
2135 24227
2136 24196
2137 24289
2138 24181
2139 9431
2140 9475
2141 8910
2142 9004
2143 9291
2144 10861
2145 10689
2146 10850
2147 12065
2148 5051
2149 8808
2150 24027
2151 25285
2152 12260
2153 14542
2154 14487
2155 14584
2156 11414
2157 11470
2158 13108
2159 3588
2160 3128
2161 3036
2162 20963
2163 20320
2164 20380
2165 19592
2166 19547
2167 13935
2168 13082
2169 13153
2170 12551
2171 12532
2172 12526
2173 12529
2174 14203
2175 18742
2176 8109
2177 19268
2178 20549
2179 21089
2180 20982
2181 18278
2182 21598
2183 22013
2184 13036
2185 13743
2186 7066
2187 12993
2188 12918
2189 12604
2190 2885
2191 2947
2192 24737
2193 122
2194 24353
2195 24724
2196 24230
2197 24300
2198 24240
2199 24244
2200 24254
2201 3784
2202 24079
2203 27226
2204 27043
2205 27039
2206 12363
2207 26292
2208 27126
2209 25640
2210 23961
2211 25544
2212 29276
2213 29255
2214 13542
2215 15072
2216 3391
2217 8485
2218 10164
2219 1364
2220 11318
2221 20491
2222 21616
2223 21430
2224 21606
2225 21997
2226 21950
2227 12605
2228 12986
2229 12988
2230 12944
2231 7292
2232 18561
2233 29751
2234 29697
2235 29068
2236 29637
2237 29635
2238 29644
2239 29307
2240 24745
2241 24107
2242 3789
2243 14969
2244 15175
2245 8889
2246 8339
2247 10980
2248 10438
2249 8966
2250 9420
2251 26816
2252 28925
2253 28917
2254 14539
2255 14576
2256 14526
2257 13369
2258 13330
2259 3588
2260 3197
2261 3179
2262 3106
2263 21516
2264 21495
2265 18783
2266 13496
2267 21082
2268 19090
2269 15053
2270 15110
2271 22593
2272 8043
2273 342
2274 18971
2275 19168
2276 18933
2277 19204
2278 18893
2279 18931
2280 18579
2281 13063
2282 13134
2283 14048
2284 14234
2285 532
2286 14222
2287 17123
2288 13976
2289 2734
2290 2752
2291 3678
2292 3266
2293 25146
2294 3441
2295 12155
2296 12108
2297 24248
2298 24277
2299 24585
2300 3553
2301 3513
2302 1368
2303 11816
2304 14945
2305 27648
2306 24035
2307 15240
2308 27664
2309 29006
2310 20518
2311 20557
2312 3411
2313 3406
2314 1376
2315 1387
2316 21537
2317 22002
2318 19357
2319 17478
2320 15783
2321 12939
2322 1513
2323 7062
2324 13784
2325 12566
2326 13772
2327 13780
2328 7789
2329 17185
2330 12880
2331 28458
2332 26700
2333 24707
2334 24548
2335 3664
2336 3776
2337 24211
2338 3794
2339 3762
2340 11849
2341 11979
2342 8609
2343 9288
2344 8612
2345 9054
2346 8921
2347 8922
2348 10680
2349 9208
2350 9921
2351 27346
2352 26795
2353 26793
2354 27396
2355 28682
2356 28812
2357 28810
2358 28740
2359 28575
2360 26637
2361 24817
2362 29117
2363 10677
2364 10678
2365 1542
2366 1517
2367 1516
2368 1547
2369 3006
2370 3026
2371 19328
2372 19383
2373 18581
2374 17063
2375 14062
2376 22136
2377 11266
2378 14082
2379 10296
2380 8135
2381 13263
2382 13250
2383 12895
2384 12894
2385 11412
2386 11127
2387 8128
2388 11436
2389 11421
2390 11418
2391 14055
2392 12820
2393 10037
2394 8155
2395 8157
2396 8191
2397 8194
2398 3906
2399 12752
2400 12676
2401 12639
2402 7315
2403 7757
2404 12125
2405 11039
2406 12233
2407 12386
2408 12134
2409 11038
2410 12017
2411 1361
2412 12279
2413 11817
2414 11774
2415 11015
2416 11616
2417 11638
2418 11058
2419 11553
2420 25524
2421 11672
2422 26394
2423 25788
2424 20214
2425 24882
2426 25378
2427 26354
2428 29107
2429 29215
2430 15093
2431 3384
2432 8469
2433 2863
2434 11026
2435 11295
2436 11133
2437 19387
2438 17587
2439 18198
2440 21531
2441 19757
2442 7767
2443 14054
2444 13843
2445 13801
2446 14221
2447 390
2448 7737
2449 7820
2450 7933
2451 30017
2452 13677
2453 543
2454 29305
2455 26790
2456 29339
2457 26712
2458 29418
2459 29425
2460 24722
2461 3795
2462 3804
2463 3794
2464 11549
2465 24396
2466 24323
2467 11872
2468 8639
2469 8618
2470 8971
2471 8861
2472 8628
2473 8633
2474 8118
2475 9005
2476 9230
2477 9204
2478 19886
2479 27743
2480 27722
2481 25319
2482 27225
2483 27647
2484 28669
2485 28607
2486 28728
2487 10845
2488 8146
2489 10845
2490 1531
2491 2853
2492 1444
2493 8345
2494 11761
2495 19381
2496 15786
2497 15789
2498 12953
2499 12939
2500 12949
2501 1512
2502 13134
2503 13121
2504 14028
2505 13771
2506 13788
2507 13730
2508 13812
2509 1502
2510 7829
2511 7286
2512 13757
2513 7745
2514 6936
2515 7286
2516 7291
2517 7238
2518 7780
2519 13793
2520 378
2521 7624
2522 13670
2523 18726
2524 12469
2525 22513
2526 26700
2527 20056
2528 29817
2529 29687
2530 23903
2531 29306
2532 29804
2533 23700
2534 23380
2535 21272
2536 22397
2537 27168
2538 28449
2539 15727
2540 27908
2541 22691
2542 23102
2543 29805
2544 29804
2545 26773
2546 29814
2547 29803
2548 23939
2549 21196
2550 21180
2551 21181
2552 21179
2553 29784
2554 23923
2555 23686
2556 29391
2557 23612
2558 15807
2559 23163
2560 23556
2561 23442
2562 23917
2563 23145
2564 23133
2565 23160
2566 29765
2567 26717
2568 29062
2569 28478
2570 28479
2571 29788
2572 23506
2573 29552
2574 29555
2575 29554
2576 29514
2577 23935
2578 28066
2579 29438
2580 28262
2581 27992
2582 29324
2583 29557
2584 28431
2585 28228
2586 29473
2587 23424
2588 23597
2589 28155
2590 23497
2591 29635
2592 23681
2593 21908
2594 21895
2595 15710
2596 19686
2597 20002
2598 27973
2599 28159
2600 29692
2601 23284
2602 22133
2603 28221
2604 28464
2605 135
2606 27993
2607 26712
2608 3260
2609 24419
2610 11681
2611 24701
2612 3574
2613 1450
2614 1449
2615 24087
2616 24384
2617 3704
2618 24627
2619 24364
2620 24209
2621 24183
2622 24215
2623 24200
2624 25535
2625 41
2626 14
2627 3819
2628 24747
2629 24582
2630 24831
2631 24658
2632 3550
2633 2872
2634 3779
2635 11847
2636 11812
2637 11817
2638 11820
2639 11114
2640 24212
2641 25053
2642 24805
2643 12022
2644 11824
2645 24585
2646 24739
2647 1401
2648 25151
2649 24888
2650 12204
2651 25030
2652 1573
2653 2695
2654 2710
2655 2754
2656 3313
2657 2763
2658 25092
2659 25105
2660 24519
2661 25078
2662 12086
2663 12229
2664 12161
2665 12167
2666 12130
2667 12123
2668 12324
2669 12207
2670 11053
2671 11919
2672 11982
2673 11915
2674 11915
2675 11085
2676 24139
2677 24356
2678 25061
2679 3795
2680 24156
2681 3392
2682 24706
2683 24107
2684 11971
2685 24246
2686 12346
2687 12355
2688 26165
2689 25955
2690 25951
2691 26074
2692 27339
2693 25824
2694 26430
2695 27854
2696 26346
2697 29137
2698 29933
2699 29780
2700 27590
2701 8655
2702 9753
2703 9711
2704 9666
2705 9645
2706 9710
2707 10026
2708 11223
2709 11265
2710 8654
2711 9694
2712 10485
2713 6134
2714 3419
2715 10486
2716 1483
2717 12695
2718 6113
2719 3902
2720 13085
2721 18685
2722 12932
2723 13034
2724 21190
2725 22062
2726 22565
2727 22670
2728 29524
2729 215
2730 29790
2731 26908
2732 27152
2733 26900
2734 27131
2735 27040
2736 15209
2737 25774
2738 12427
2739 28950
2740 20195
2741 24059
2742 14523
2743 13503
2744 21872
2745 19590
2746 6934
2747 12929
2748 12545
2749 1475
2750 7325
2751 29817
2752 21153
2753 12389
2754 11042
2755 12028
2756 12016
2757 11998
2758 11831
2759 2987
2760 2986
2761 333
2762 3607
2763 3816
2764 3783
2765 3817
2766 24285
2767 24611
2768 3788
2769 24571
2770 3804
2771 3728
2772 3729
2773 11713
2774 24750
2775 3807
2776 25045
2777 11831
2778 13852
2779 2693
2780 2722
2781 11872
2782 24399
2783 11627
2784 24361
2785 11703
2786 2905
2787 11094
2788 11040
2789 9552
2790 25330
2791 25907
2792 25431
2793 26032
2794 26023
2795 14842
2796 27759
2797 28296
2798 27404
2799 27710
2800 26823
2801 26479
2802 27662
2803 27156
2804 21226
2805 13219
2806 20762
2807 20650
2808 14389
2809 19272
2810 20781
2811 20580
2812 19535
2813 20747
2814 20746
2815 20737
2816 20739
2817 19297
2818 19593
2819 12539
2820 13724
2821 7783
2822 7244
2823 23099
2824 29668
2825 23828
2826 19813
2827 26826
2828 29667
2829 23186
2830 26774
2831 11697
2832 2877
2833 24332
2834 39
2835 3710
2836 24398
2837 24072
2838 24326
2839 24223
2840 24183
2841 24264
2842 3632
2843 3630
2844 3650
2845 3758
2846 1361
2847 11004
2848 11858
2849 11632
2850 11807
2851 11804
2852 3721
2853 11118
2854 24144
2855 20874
2856 20852
2857 9975
2858 8840
2859 9509
2860 8833
2861 14460
2862 8232
2863 9481
2864 9427
2865 9473
2866 9556
2867 9267
2868 9332
2869 9364
2870 9366
2871 9346
2872 9353
2873 9374
2874 8686
2875 8764
2876 8695
2877 8927
2878 8566
2879 8458
2880 8403
2881 8503
2882 8500
2883 28320
2884 26130
2885 25876
2886 27242
2887 27631
2888 25276
2889 25604
2890 14773
2891 14872
2892 25464
2893 19158
2894 18982
2895 13632
2896 13632
2897 15050
2898 14994
2899 15087
2900 18591
2901 20646
2902 366
2903 20346
2904 20328
2905 20347
2906 20951
2907 20434
2908 19452
2909 20148
2910 7890
2911 13729
2912 537
2913 538
2914 7733
2915 7826
2916 29664
2917 26774
2918 23929
2919 15812
2920 28163
2921 29656
2922 23125
2923 28430
2924 28226
2925 8964
2926 8969
2927 8888
2928 8877
2929 8875
2930 8878
2931 8318
2932 8555
2933 29980
2934 8586
2935 8597
2936 9254
2937 9251
2938 14464
2939 12092
2940 8507
2941 8435
2942 8661
2943 5033
2944 8732
2945 9903
2946 13386
2947 14762
2948 14645
2949 8031
2950 10774
2951 9372
2952 8256
2953 8282
2954 10438
2955 9343
2956 9301
2957 10442
2958 10549
2959 9885
2960 14452
2961 8327
2962 10539
2963 10366
2964 10780
2965 10699
2966 9841
2967 11559
2968 11564
2969 25709
2970 27618
2971 27100
2972 27099
2973 24476
2974 27064
2975 26383
2976 20303
2977 14510
2978 14681
2979 15008
2980 13208
2981 13200
2982 14348
2983 13517
2984 13453
2985 13547
2986 13444
2987 14270
2988 19551
2989 20489
2990 20486
2991 7845
2992 7620
2993 13996
2994 12713
2995 12987
2996 18620
2997 19831
2998 168
2999 11077
3000 12031
3001 3707
3002 11867
3003 11925
3004 25141
3005 2868
3006 25059
3007 25283
3008 27655
3009 25552
3010 15216
3011 15220
3012 15255
3013 14779
3014 26976
3015 12394
3016 24032
3017 15269
3018 28305
3019 27745
3020 26816
3021 24047
3022 27108
3023 26251
3024 25211
3025 26341
3026 28959
3027 29775
3028 29146
3029 28935
3030 20272
3031 28897
3032 29941
3033 25151
3034 27528
3035 28690
3036 26641
3037 28582
3038 28977
3039 27527
3040 28595
3041 28587
3042 24126
3043 28894
3044 25158
3045 24863
3046 12282
3047 12290
3048 12285
3049 28961
3050 24811
3051 24810
3052 24938
3053 29284
3054 29263
3055 27464
3056 27500
3057 26529
3058 26326
3059 29901
3060 29120
3061 28646
3062 19672
3063 29292
3064 27573
3065 23981
3066 14267
3067 14282
3068 13537
3069 14036
3070 12521
3071 14376
3072 14376
3073 14231
3074 22484
3075 13371
3076 13354
3077 13398
3078 14586
3079 8051
3080 14585
3081 14597
3082 8207
3083 13395
3084 13320
3085 13328
3086 18529
3087 18584
3088 19560
3089 14169
3090 18474
3091 21950
3092 19113
3093 17512
3094 17473
3095 28181
3096 25023
3097 2425
3098 1462
3099 28642
3100 28968
3101 26301
3102 28932
3103 28730
3104 28939
3105 28983
3106 27483
3107 13349
3108 13427
3109 13408
3110 10796
3111 10844
3112 20991
3113 20982
3114 20631
3115 17416
3116 18503
3117 17415
3118 21445
3119 21309
3120 21302
3121 21320
3122 18723
3123 13811
3124 17098
3125 12850
3126 18653
3127 22292
3128 23014
3129 23841
3130 23538
3131 22553
3132 142
3133 3353
3134 1451
3135 25106
3136 24495
3137 25150
3138 25137
3139 24355
3140 11819
3141 20264
3142 23979
3143 29784
3144 29237
3145 29885
3146 14519
3147 12557
3148 22489
3149 20985
3150 21168
3151 20956
3152 20939
3153 13375
3154 14430
3155 20427
3156 21482
3157 21813
3158 12690
3159 12649
3160 7968
3161 29640
3162 23631
3163 23629
3164 23595
3165 12109
3166 12187
3167 12164
3168 11034
3169 27424
3170 27412
3171 26378
3172 26627
3173 28493
3174 29260
3175 24992
3176 25821
3177 15112
3178 20770
3179 13224
3180 10802
3181 13232
3182 13196
3183 13243
3184 10553
3185 8536
3186 20908
3187 21158
3188 9140
3189 9141
3190 9486
3191 9126
3192 28902
3193 27809
3194 14436
3195 14387
3196 13610
3197 3084
3198 8183
3199 12834
3200 12504
3201 12505
3202 12840
3203 22029
3204 19998
3205 20049
3206 19277
3207 21861
3208 10149
3209 7888
3210 13699
3211 22048
3212 15697
3213 22093
3214 23388
3215 23156
3216 25420
3217 24955
3218 28752
3219 28568
3220 29217
3221 26573
3222 26373
3223 26411
3224 26493
3225 26410
3226 29136
3227 28327
3228 27614
3229 8829
3230 11389
3231 10628
3232 11516
3233 11530
3234 9507
3235 9457
3236 9428
3237 9444
3238 9474
3239 9437
3240 9455
3241 9553
3242 8836
3243 15044
3244 8881
3245 8881
3246 29060
3247 28723
3248 27585
3249 29163
3250 24844
3251 28488
3252 27455
3253 12786
3254 8858
3255 11415
3256 11440
3257 11414
3258 3040
3259 3385
3260 3374
3261 23648
3262 23657
3263 23114
3264 23314
3265 22662
3266 29829
3267 28221
3268 14564
3269 14631
3270 8107
3271 14545
3272 10972
3273 11536
3274 11371
3275 9961
3276 10965
3277 12066
3278 12069
3279 9256
3280 10902
3281 10749
3282 10746
3283 8245
3284 8079
3285 8074
3286 10970
3287 10902
3288 10976
3289 10959
3290 10898
3291 10334
3292 8090
3293 8092
3294 14521
3295 14517
3296 10326
3297 10857
3298 9052
3299 8642
3300 10670
3301 10826
3302 9148
3303 8875
3304 8261
3305 8638
3306 8389
3307 9286
3308 9144
3309 9145
3310 9358
3311 8411
3312 9228
3313 8790
3314 8334
3315 8581
3316 8534
3317 8514
3318 8409
3319 8452
3320 26653
3321 48
3322 24910
3323 24822
3324 25811
3325 25422
3326 28739
3327 28583
3328 28596
3329 1539
3330 1540
3331 3388
3332 2867
3333 2857
3334 1546
3335 1556
3336 2814
3337 2839
3338 2833
3339 2851
3340 2790
3341 1558
3342 2859
3343 1588
3344 5184
3345 5193
3346 9751
3347 9909
3348 8701
3349 9754
3350 21680
3351 20763
3352 13647
3353 23769
3354 23664
3355 23917
3356 28231
3357 23540
3358 23910
3359 23501
3360 23144
3361 29770
3362 28430
3363 29589
3364 21195
3365 29981
3366 11453
3367 8105
3368 10889
3369 9128
3370 8856
3371 10611
3372 8105
3373 8995
3374 9090
3375 8720
3376 8953
3377 8885
3378 11929
3379 11523
3380 8496
3381 9026
3382 8747
3383 9309
3384 8437
3385 14932
3386 25741
3387 25335
3388 26171
3389 26185
3390 26113
3391 26004
3392 25701
3393 15231
3394 27040
3395 27032
3396 24952
3397 25908
3398 27131
3399 27043
3400 27656
3401 27386
3402 25439
3403 25215
3404 25251
3405 25274
3406 28914
3407 8
3408 27573
3409 27560
3410 24522
3411 28480
3412 29023
3413 29202
3414 28678
3415 28677
3416 28656
3417 24941
3418 27288
3419 29164
3420 12351
3421 14760
3422 12337
3423 12301
3424 8538
3425 8435
3426 8652
3427 8663
3428 8664
3429 5044
3430 9894
3431 8329
3432 8340
3433 9909
3434 11880
3435 8053
3436 9879
3437 9965
3438 10615
3439 28626
3440 26756
3441 26368
3442 29258
3443 28507
3444 9627
3445 9691
3446 9679
3447 9708
3448 9722
3449 9737
3450 9712
3451 9772
3452 1535
3453 2882
3454 8357
3455 8288
3456 9820
3457 10199
3458 10199
3459 10087
3460 10075
3461 10080
3462 9793
3463 12775
3464 28242
3465 28210
3466 29614
3467 23579
3468 23256
3469 23013
3470 23134
3471 23187
3472 24044
3473 26855
3474 24944
3475 25406
3476 28872
3477 27821
3478 28324
3479 27540
3480 8276
3481 10448
3482 9295
3483 9978
3484 10581
3485 10539
3486 10579
3487 10700
3488 10769
3489 10769
3490 10786
3491 10757
3492 14549
3493 8516
3494 8766
3495 12070
3496 10985
3497 10966
3498 20283
3499 28974
3500 27503
3501 26439
3502 26424
3503 9655
3504 5801
3505 10065
3506 11203
3507 9937
3508 8360
3509 9945
3510 9860
3511 10542
3512 10469
3513 10502
3514 5961
3515 5835
3516 5759
3517 5922
3518 5828
3519 5919
3520 5796
3521 5908
3522 3617
3523 10744
3524 10715
3525 10506
3526 10729
3527 8295
3528 12823
3529 12590
3530 12986
3531 12916
3532 18890
3533 18725
3534 18715
3535 29564
3536 22151
3537 26684
3538 29712
3539 29472
3540 8006
3541 10940
3542 10945
3543 10889
3544 8096
3545 10624
3546 14592
3547 14532
3548 14593
3549 10385
3550 10873
3551 10341
3552 14646
3553 8605
3554 10880
3555 10697
3556 10670
3557 10687
3558 10335
3559 14895
3560 11380
3561 27408
3562 29290
3563 27271
3564 28268
3565 28386
3566 27529
3567 27421
3568 9599
3569 9599
3570 10020
3571 9597
3572 9598
3573 10233
3574 10739
3575 10740
3576 10740
3577 8292
3578 10261
3579 10055
3580 10457
3581 8342
3582 3589
3583 3102
3584 3101
3585 19178
3586 20305
3587 18850
3588 18599
3589 19442
3590 13148
3591 13151
3592 13078
3593 13068
3594 13117
3595 29536
3596 28450
3597 29575
3598 29304
3599 29504
3600 23379
3601 23113
3602 26544
3603 29047
3604 24551
3605 27659
3606 24935
3607 28733
3608 29162
3609 11535
3610 14562
3611 8839
3612 8278
3613 8994
3614 9192
3615 10701
3616 9208
3617 8670
3618 8660
3619 14650
3620 8393
3621 10770
3622 14452
3623 9179
3624 10850
3625 28256
3626 27604
3627 27363
3628 24059
3629 27713
3630 27827
3631 27284
3632 20167
3633 3141
3634 10166
3635 3592
3636 11797
3637 10013
3638 10013
3639 11794
3640 1378
3641 11277
3642 14029
3643 14041
3644 13989
3645 18797
3646 18786
3647 18852
3648 18832
3649 23538
3650 23122
3651 29671
3652 29319
3653 19824
3654 26735
3655 29521
3656 28225
3657 149
3658 21052
3659 14901
3660 25913
3661 15256
3662 15222
3663 10353
3664 10914
3665 11388
3666 9407
3667 8242
3668 8457
3669 9196
3670 8613
3671 8978
3672 9248
3673 5074
3674 10662
3675 8808
3676 8481
3677 8404
3678 8410
3679 8541
3680 8521
3681 20209
3682 28844
3683 27735
3684 27832
3685 27572
3686 26315
3687 24852
3688 28481
3689 29256
3690 10179
3691 10837
3692 8306
3693 10305
3694 10293
3695 10171
3696 5056
3697 3585
3698 1389
3699 11385
3700 3455
3701 11223
3702 11236
3703 11214
3704 10374
3705 10023
3706 16960
3707 19667
3708 14086
3709 6104
3710 10123
3711 6180
3712 7097
3713 29802
3714 21903
3715 28037
3716 27889
3717 27465
3718 3587
3719 18194
3720 21340
3721 21311
3722 21658
3723 20965
3724 21522
3725 19238
3726 29307
3727 27206
3728 88
3729 29647
3730 27895
3731 15804
3732 14749
3733 7992
3734 14425
3735 11524
3736 9952
3737 10609
3738 10319
3739 8275
3740 9351
3741 8281
3742 10442
3743 9951
3744 9612
3745 10363
3746 10751
3747 10772
3748 10755
3749 10755
3750 10684
3751 10780
3752 10764
3753 27797
3754 24040
3755 26376
3756 28260
3757 28350
3758 26442
3759 27291
3760 28418
3761 28431
3762 3093
3763 3586
3764 3500
3765 3136
3766 3106
3767 3092
3768 3464
3769 10247
3770 3026
3771 11029
3772 23407
3773 27949
3774 15804
3775 29685
3776 29766
3777 29848
3778 29831
3779 20039
3780 26677
3781 10390
3782 8407
3783 8840
3784 20843
3785 10644
3786 10682
3787 8063
3788 8001
3789 11542
3790 27702
3791 28555
3792 12266
3793 26304
3794 26436
3795 27529
3796 24861
3797 20980
3798 20956
3799 8168
3800 21090
3801 12964
3802 7311
3803 12534
3804 14030
3805 13030
3806 13644
3807 13772
3808 13663
3809 13804
3810 13640
3811 7288
3812 7766
3813 7761
3814 7613
3815 24512
3816 24738
3817 25102
3818 25099
3819 25147
3820 3437
3821 12216
3822 12126
3823 12162
3824 26660
3825 28789
3826 13487
3827 20608
3828 20665
3829 19758
3830 14376
3831 19059
3832 14732
3833 20634
3834 20600
3835 20579
3836 20579
3837 20379
3838 19423
3839 19323
3840 18942
3841 18449
3842 20177
3843 20360
3844 20992
3845 20321
3846 26808
3847 29383
3848 27230
3849 22536
3850 23348
3851 29742
3852 26702
3853 9325
3854 9361
3855 10965
3856 10955
3857 10941
3858 10953
3859 8084
3860 10984
3861 10940
3862 10329
3863 8809
3864 14591
3865 10666
3866 10869
3867 10872
3868 10338
3869 11534
3870 10883
3871 10867
3872 8912
3873 8926
3874 27301
3875 27819
3876 26496
3877 27556
3878 28252
3879 28255
3880 28403
3881 28791
3882 11293
3883 10012
3884 11680
3885 11364
3886 11026
3887 11607
3888 11155
3889 11121
3890 11023
3891 10691
3892 8310
3893 10793
3894 8306
3895 10289
3896 5045
3897 5948
3898 11459
3899 11121
3900 11461
3901 29813
3902 23932
3903 23936
3904 23929
3905 21065
3906 23112
3907 23476
3908 23145
3909 23159
3910 23159
3911 7987
3912 21134
3913 9456
3914 9388
3915 9559
3916 9464
3917 9475
3918 8832
3919 9408
3920 9561
3921 9391
3922 9549
3923 8917
3924 8938
3925 9031
3926 15125
3927 8865
3928 28935
3929 20167
3930 29897
3931 29881
3932 29939
3933 29899
3934 29141
3935 29208
3936 20261
3937 19226
3938 15085
3939 369
3940 15073
3941 15031
3942 22483
3943 11279
3944 5850
3945 7615
3946 7721
3947 7736
3948 7563
3949 7910
3950 7893
3951 7908
3952 12645
3953 7294
3954 14205
3955 12672
3956 13007
3957 12212
3958 12196
3959 11641
3960 11948
3961 12415
3962 11932
3963 11947
3964 11941
3965 24170
3966 3561
3967 24089
3968 3750
3969 24214
3970 3674
3971 3676
3972 26398
3973 26118
3974 26948
3975 25159
3976 26909
3977 27636
3978 26473
3979 25156
3980 25155
3981 25185
3982 25963
3983 24018
3984 83
3985 15252
3986 27394
3987 28279
3988 27670
3989 26467
3990 20761
3991 20648
3992 18640
3993 19227
3994 14432
3995 14699
3996 14982
3997 15041
3998 15191
3999 13895
4000 21595
4001 21634
4002 21375
4003 21404
4004 21335
4005 21774
4006 21478
4007 19383
4008 19385
4009 19384
4010 18267
4011 28478
4012 29325
4013 26734
4014 22152
4015 29338
4016 28128
4017 28164
4018 9446
4019 9293
4020 10688
4021 8243
4022 8567
4023 8566
4024 9086
4025 9022
4026 9316
4027 9584
4028 8603
4029 8798
4030 12269
4031 28490
4032 28971
4033 28256
4034 29047
4035 28826
4036 28914
4037 7999
4038 10387
4039 9665
4040 10016
4041 9758
4042 9794
4043 9686
4044 8688
4045 2848
4046 3383
4047 9987
4048 10022
4049 9133
4050 8692
4051 23465
4052 29799
4053 29677
4054 29672
4055 29695
4056 26686
4057 29638
4058 29714
4059 26718
4060 26718
4061 26719
4062 8960
4063 8565
4064 8609
4065 9197
4066 8632
4067 9268
4068 9354
4069 9233
4070 9188
4071 9367
4072 9156
4073 8267
4074 8772
4075 8795
4076 29145
4077 20264
4078 29920
4079 29784
4080 26617
4081 28930
4082 28818
4083 28811
4084 14180
4085 6097
4086 8137
4087 10297
4088 10277
4089 12846
4090 12780
4091 11248
4092 11249
4093 11125
4094 11450
4095 3457
4096 18775
4097 13139
4098 6185
4099 10139
4100 12471
4101 29805
4102 22518
4103 3748
4104 3751
4105 25059
4106 3633
4107 24287
4108 32
4109 25487
4110 3812
4111 24249
4112 25739
4113 25934
4114 25323
4115 25262
4116 26833
4117 14874
4118 24035
4119 26206
4120 28299
4121 14826
4122 12434
4123 14986
4124 584
4125 14462
4126 13429
4127 13186
4128 13201
4129 13585
4130 13497
4131 13507
4132 13502
4133 17593
4134 18474
4135 21351
4136 20640
4137 19597
4138 18209
4139 17599
4140 23502
4141 29680
4142 24892
4143 3356
4144 10326
4145 8865
4146 8506
4147 8669
4148 20849
4149 24492
4150 15251
4151 24828
4152 29146
4153 22233
4154 20601
4155 10829
4156 14998
4157 13485
4158 13485
4159 1516
4160 3093
4161 11330
4162 10693
4163 9775
4164 3478
4165 3528
4166 10213
4167 20970
4168 29768
4169 29573
4170 19780
4171 29313
4172 29360
4173 29523
4174 15699
4175 28182
4176 29523
4177 8249
4178 27182
4179 8453
4180 8424
4181 8545
4182 8475
4183 8479
4184 8502
4185 12076
4186 8492
4187 8543
4188 8488
4189 8542
4190 8435
4191 8442
4192 28822
4193 28518
4194 28684
4195 28577
4196 28585
4197 28608
4198 26605
4199 3457
4200 3416
4201 3407
4202 3375
4203 1531
4204 1545
4205 2852
4206 2813
4207 2828
4208 8708
4209 5188
4210 9635
4211 8352
4212 9669
4213 23514
4214 23283
4215 23942
4216 29518
4217 23486
4218 18537
4219 23438
4220 29680
4221 29665
4222 25067
4223 3164
4224 3589
4225 3811
4226 3800
4227 11057
4228 11579
4229 25265
4230 26161
4231 25195
4232 26108
4233 26110
4234 26247
4235 27050
4236 27118
4237 26848
4238 27631
4239 27248
4240 25442
4241 14918
4242 25210
4243 25757
4244 14947
4245 25198
4246 25901
4247 13437
4248 13440
4249 13531
4250 13551
4251 14308
4252 14301
4253 14280
4254 12546
4255 14312
4256 14042
4257 13995
4258 370
4259 14614
4260 14714
4261 13310
4262 18391
4263 21920
4264 12920
4265 13043
4266 19930
4267 18640
4268 19173
4269 19216
4270 18841
4271 20305
4272 3655
4273 46
4274 11917
4275 11917
4276 1448
4277 2726
4278 25412
4279 14751
4280 25290
4281 14827
4282 14753
4283 26096
4284 25747
4285 25219
4286 25984
4287 21027
4288 22453
4289 20658
4290 22499
4291 20662
4292 20829
4293 20819
4294 20784
4295 20730
4296 19303
4297 19098
4298 14435
4299 18437
4300 21550
4301 17500
4302 18405
4303 21358
4304 13706
4305 20744
4306 19287
4307 19285
4308 18543
4309 19277
4310 19599
4311 29306
4312 28465
4313 22090
4314 23326
4315 23497
4316 22539
4317 8494
4318 1575
4319 8658
4320 1583
4321 8340
4322 8674
4323 8656
4324 8762
4325 9899
4326 14402
4327 14482
4328 14425
4329 14626
4330 26624
4331 28628
4332 26635
4333 24100
4334 26766
4335 24916
4336 28589
4337 28757
4338 9816
4339 8348
4340 8348
4341 8344
4342 1590
4343 5855
4344 9682
4345 9682
4346 9713
4347 9737
4348 9791
4349 9715
4350 10447
4351 10416
4352 9827
4353 9586
4354 9590
4355 9695
4356 9696
4357 9763
4358 9763
4359 9782
4360 9797
4361 1523
4362 22145
4363 23522
4364 23368
4365 26775
4366 28062
4367 29550
4368 24154
4369 24411
4370 25051
4371 3569
4372 26357
4373 2971
4374 25487
4375 24790
4376 24294
4377 111
4378 27384
4379 27825
4380 29136
4381 26377
4382 26460
4383 27417
4384 28856
4385 18633
4386 14594
4387 14635
4388 14607
4389 14579
4390 14461
4391 7990
4392 13409
4393 13336
4394 13244
4395 10843
4396 13279
4397 8173
4398 10839
4399 13262
4400 18566
4401 18921
4402 13131
4403 14009
4404 14033
4405 14201
4406 18693
4407 18794
4408 18671
4409 14185
4410 10141
4411 8158
4412 24641
4413 24311
4414 3365
4415 3274
4416 2795
4417 25148
4418 26359
4419 24066
4420 26899
4421 15279
4422 26953
4423 14836
4424 14817
4425 27312
4426 26819
4427 26818
4428 27318
4429 15008
4430 15132
4431 15185
4432 20674
4433 20586
4434 13591
4435 13500
4436 8213
4437 19334
4438 19599
4439 20318
4440 20322
4441 18485
4442 20322
4443 19602
4444 19434
4445 18603
4446 21306
4447 14176
4448 21590
4449 21500
4450 21543
4451 29828
4452 29303
4453 26692
4454 21115
4455 23938
4456 26782
4457 23789
4458 23236
4459 11546
4460 11937
4461 11067
4462 11945
4463 11946
4464 9901
4465 9617
4466 9960
4467 10604
4468 10617
4469 7982
4470 10890
4471 10569
4472 10646
4473 10920
4474 10323
4475 8228
4476 8281
4477 10449
4478 8284
4479 8285
4480 10443
4481 28395
4482 26657
4483 28597
4484 28963
4485 24067
4486 29150
4487 29261
4488 28941
4489 10425
4490 8257
4491 10015
4492 9871
4493 10418
4494 10487
4495 10488
4496 5800
4497 5850
4498 5794
4499 5816
4500 5837
4501 5860
4502 5772
4503 5774
4504 5787
4505 5939
4506 5927
4507 10726
4508 10714
4509 10711
4510 9868
4511 9862
4512 22526
4513 21196
4514 29868
4515 26674
4516 26791
4517 29665
4518 29842
4519 24379
4520 24436
4521 14565
4522 14524
4523 20931
4524 9536
4525 27584
4526 29901
4527 20272
4528 28548
4529 20167
4530 29935
4531 23965
4532 29913
4533 29244
4534 29205
4535 29207
4536 29209
4537 29942
4538 29225
4539 13360
4540 13192
4541 15146
4542 13619
4543 13479
4544 20939
4545 20723
4546 20976
4547 20978
4548 20989
4549 8154
4550 8193
4551 12872
4552 12704
4553 12704
4554 12874
4555 12681
4556 12762
4557 6102
4558 13083
4559 13090
4560 13124
4561 13074
4562 25149
4563 12218
4564 11009
4565 11013
4566 12168
4567 12118
4568 12116
4569 12025
4570 11071
4571 11059
4572 11973
4573 11956
4574 27639
4575 27338
4576 26842
4577 27151
4578 26826
4579 26244
4580 13168
4581 13467
4582 13566
4583 13452
4584 13547
4585 13143
4586 12483
4587 14266
4588 14281
4589 12507
4590 12548
4591 19063
4592 14331
4593 14199
4594 18997
4595 21546
4596 22039
4597 15782
4598 15785
4599 13964
4600 19501
4601 18174
4602 21527
4603 21530
4604 21262
4605 23079
4606 22093
4607 20112
4608 27220
4609 23319
4610 28066
4611 9612
4612 9836
4613 10579
4614 10364
4615 10667
4616 10709
4617 14895
4618 12058
4619 8073
4620 8078
4621 13389
4622 10892
4623 10977
4624 10974
4625 10937
4626 10938
4627 10950
4628 10964
4629 12292
4630 27533
4631 27541
4632 27300
4633 28409
4634 28376
4635 10380
4636 10723
4637 10250
4638 10230
4639 10405
4640 10025
4641 10215
4642 3127
4643 3147
4644 13846
4645 3465
4646 3196
4647 3475
4648 3112
4649 3002
4650 29552
4651 23845
4652 29790
4653 21888
4654 23546
4655 15691
4656 15700
4657 23623
4658 15699
4659 9402
4660 9002
4661 21164
4662 90
4663 20877
4664 20861
4665 13377
4666 9121
4667 8829
4668 8834
4669 9112
4670 11453
4671 11519
4672 27535
4673 27802
4674 27816
4675 26528
4676 26309
4677 28552
4678 20204
4679 27289
4680 28717
4681 27507
4682 27447
4683 27468
4684 22293
4685 20988
4686 21003
4687 13825
4688 15116
4689 15071
4690 15184
4691 12958
4692 12961
4693 12922
4694 13013
4695 13011
4696 13135
4697 12537
4698 13046
4699 14026
4700 14032
4701 13768
4702 13772
4703 13739
4704 13761
4705 6457
4706 7252
4707 7246
4708 332
4709 39
4710 24312
4711 3709
4712 24235
4713 3705
4714 3703
4715 24766
4716 24708
4717 24224
4718 24267
4719 12287
4720 27108
4721 27241
4722 26234
4723 27093
4724 14125
4725 12379
4726 27230
4727 27100
4728 14617
4729 13338
4730 14589
4731 14520
4732 14581
4733 8044
4734 13422
4735 13171
4736 13233
4737 20987
4738 20986
4739 21428
4740 18286
4741 21515
4742 21875
4743 3626
4744 1936
4745 3542
4746 3549
4747 24578
4748 2420
4749 2939
4750 10328
4751 13383
4752 10943
4753 8090
4754 13194
4755 14525
4756 10879
4757 10877
4758 10342
4759 8551
4760 12336
4761 10880
4762 10866
4763 10686
4764 10687
4765 8809
4766 8891
4767 10900
4768 26487
4769 27270
4770 26366
4771 27671
4772 24446
4773 28388
4774 27448
4775 27314
4776 3479
4777 9981
4778 10236
4779 10236
4780 10165
4781 3339
4782 11779
4783 11157
4784 1582
4785 11775
4786 11775
4787 11598
4788 11608
4789 10814
4790 23586
4791 23384
4792 23272
4793 23869
4794 23724
4795 23870
4796 23442
4797 23462
4798 11536
4799 14895
4800 14776
4801 9417
4802 9453
4803 9464
4804 9392
4805 9442
4806 9386
4807 8871
4808 9032
4809 8869
4810 9003
4811 2941
4812 27516
4813 28529
4814 28851
4815 26638
4816 25026
4817 24866
4818 25035
4819 25000
4820 22404
4821 1437
4822 2871
4823 9639
4824 10557
4825 12457
4826 7294
4827 7314
4828 7732
4829 7768
4830 7891
4831 14063
4832 14054
4833 13814
4834 13801
4835 7953
4836 18656
4837 540
4838 7734
4839 7834
4840 7629
4841 7624
4842 7623
4843 3632
4844 24311
4845 3790
4846 24731
4847 24602
4848 11689
4849 11828
4850 3604
4851 3648
4852 3664
4853 3671
4854 3822
4855 27092
4856 27245
4857 25807
4858 19026
4859 18545
4860 20985
4861 13832
4862 22115
4863 20519
4864 20983
4865 21047
4866 13315
4867 20940
4868 7164
4869 18750
4870 19775
4871 18836
4872 18738
4873 18777
4874 12271
4875 2985
4876 24208
4877 3283
4878 2740
4879 2704
4880 9010
4881 10761
4882 8846
4883 9009
4884 9174
4885 9111
4886 8820
4887 8841
4888 8557
4889 8853
4890 8921
4891 27567
4892 27269
4893 20262
4894 27369
4895 28255
4896 29880
4897 28613
4898 10179
4899 10794
4900 10178
4901 10287
4902 11484
4903 11484
4904 11179
4905 11211
4906 11684
4907 10580
4908 10518
4909 10743
4910 10738
4911 10491
4912 10260
4913 9702
4914 9812
4915 9735
4916 9713
4917 2823
4918 2840
4919 15828
4920 29721
4921 29790
4922 29305
4923 20141
4924 29474
4925 26789
4926 30006
4927 15198
4928 9148
4929 8863
4930 8882
4931 8844
4932 9251
4933 9291
4934 9147
4935 9180
4936 9193
4937 9303
4938 9376
4939 9369
4940 9362
4941 27763
4942 24024
4943 25372
4944 28589
4945 28672
4946 23970
4947 27548
4948 28546
4949 28502
4950 29169
4951 12895
4952 12826
4953 12887
4954 12906
4955 12907
4956 12909
4957 11269
4958 11123
4959 11145
4960 11410
4961 11445
4962 3414
4963 3380
4964 3377
4965 1515
4966 7730
4967 7917
4968 12700
4969 18847
4970 12815
4971 7888
4972 13018
4973 9644
4974 12178
4975 11616
4976 11645
4977 11114
4978 11572
4979 24149
4980 24303
4981 25128
4982 25044
4983 26522
4984 26507
4985 29894
4986 29214
4987 22590
4988 18932
4989 20597
4990 15031
4991 19103
4992 13188
4993 14664
4994 14437
4995 13821
4996 18930
4997 20103
4998 13071
4999 13072
5000 13154
5001 13155
5002 13066
5003 14045
5004 12531
5005 14005
5006 14006
5007 18694
5008 7877
5009 24272
5010 3239
5011 3245
5012 3305
5013 1445
5014 25143
5015 25098
5016 25527
5017 14652
5018 9469
5019 9617
5020 8638
5021 8598
5022 8540
5023 26449
5024 24486
5025 26464
5026 23961
5027 27556
5028 10990
5029 28846
5030 26302
5031 27609
5032 27710
5033 11257
5034 11365
5035 10370
5036 10369
5037 3434
5038 3033
5039 3119
5040 10051
5041 10817
5042 9735
5043 5914
5044 8779
5045 4834
5046 8462
5047 8466
5048 24
5049 20041
5050 19987
5051 29320
5052 28222
5053 29638
5054 8588
5055 8391
5056 8596
5057 8559
5058 8548
5059 8547
5060 8428
5061 8433
5062 12148
5063 12345
5064 11985
5065 8506
5066 8658
5067 14749
5068 14564
5069 14482
5070 24883
5071 28837
5072 28811
5073 29947
5074 29182
5075 28526
5076 2863
5077 1520
5078 2826
5079 2785
5080 2837
5081 2830
5082 1561
5083 1564
5084 11646
5085 8713
5086 5197
5087 5198
5088 8714
5089 9760
5090 9671
5091 8649
5092 9667
5093 9724
5094 9745
5095 9706
5096 9697
5097 9731
5098 1544
5099 29805
5100 23152
5101 26860
5102 28226
5103 23470
5104 29621
5105 23522
5106 20035
5107 27159
5108 21122
5109 27920
5110 2025
5111 24117
5112 24372
5113 24385
5114 12008
5115 2896
5116 26663
5117 29245
5118 29220
5119 29211
5120 29231
5121 20260
5122 26617
5123 18933
5124 22613
5125 3473
5126 5783
5127 14134
5128 10313
5129 3042
5130 12891
5131 6158
5132 8204
5133 12675
5134 12701
5135 10118
5136 6178
5137 3893
5138 12702
5139 12881
5140 12577
5141 12709
5142 12671
5143 12667
5144 26358
5145 26359
5146 25143
5147 10997
5148 12231
5149 12275
5150 12248
5151 12184
5152 12176
5153 26889
5154 26917
5155 12369
5156 26102
5157 25436
5158 25214
5159 25273
5160 14816
5161 14771
5162 14754
5163 25446
5164 26104
5165 25943
5166 26650
5167 28951
5168 12251
5169 28868
5170 25850
5171 3338
5172 2892
5173 8485
5174 2935
5175 3584
5176 22089
5177 21335
5178 20954
5179 20470
5180 28040
5181 29543
5182 29306
5183 28017
5184 28258
5185 28145
5186 14613
5187 9875
5188 10636
5189 10599
5190 10923
5191 10349
5192 10346
5193 10352
5194 10356
5195 9357
5196 10453
5197 8264
5198 10366
5199 10761
5200 26541
5201 27428
5202 26413
5203 28772
5204 20304
5205 28990
5206 26362
5207 26532
5208 14359
5209 15006
5210 19009
5211 20703
5212 10415
5213 9944
5214 9815
5215 9826
5216 10207
5217 10075
5218 9819
5219 9766
5220 9811
5221 9804
5222 9640
5223 9805
5224 1408
5225 9800
5226 5942
5227 9798
5228 5945
5229 9777
5230 8337
5231 10493
5232 9851
5233 9886
5234 9932
5235 10005
5236 10372
5237 23322
5238 29678
5239 29862
5240 29651
5241 29843
5242 29683
5243 29803
5244 8573
5245 8066
5246 90
5247 11516
5248 8225
5249 26614
5250 28690
5251 28783
5252 28860
5253 28689
5254 28599
5255 28604
5256 28722
5257 27871
5258 12638
5259 11492
5260 11224
5261 11220
5262 11160
5263 11436
5264 8132
5265 9521
5266 2428
5267 3016
5268 14111
5269 3251
5270 6105
5271 6112
5272 6167
5273 13091
5274 12991
5275 12998
5276 12984
5277 13130
5278 13030
5279 12939
5280 1480
5281 14020
5282 12460
5283 13782
5284 7267
5285 7313
5286 7748
5287 7742
5288 12385
5289 3765
5290 12113
5291 12208
5292 12390
5293 11892
5294 11974
5295 11925
5296 11940
5297 24234
5298 24229
5299 14921
5300 14953
5301 15285
5302 28324
5303 28324
5304 14508
5305 14471
5306 20604
5307 13486
5308 13195
5309 13270
5310 13277
5311 22103
5312 20662
5313 20576
5314 20821
5315 20799
5316 20600
5317 20967
5318 19276
5319 20251
5320 19422
5321 18602
5322 21333
5323 21297
5324 21969
5325 15707
5326 29678
5327 29311
5328 27928
5329 28439
5330 26682
5331 21105
5332 29656
5333 10766
5334 9839
5335 12082
5336 14781
5337 13400
5338 8074
5339 10909
5340 10983
5341 10936
5342 8087
5343 10947
5344 10849
5345 8094
5346 14522
5347 14547
5348 14515
5349 8045
5350 13287
5351 10665
5352 10325
5353 28350
5354 28383
5355 23959
5356 12561
5357 14588
5358 22330
5359 9641
5360 10043
5361 5793
5362 5866
5363 5944
5364 5928
5365 6124
5366 3544
5367 10738
5368 10707
5369 10704
5370 10478
5371 10009
5372 10482
5373 10028
5374 10018
5375 10231
5376 10258
5377 10198
5378 3541
5379 23136
5380 15812
5381 23932
5382 29801
5383 22533
5384 22129
5385 23362
5386 23607
5387 14192
5388 11367
5389 11516
5390 7987
5391 9505
5392 9530
5393 719
5394 8816
5395 9441
5396 9418
5397 9476
5398 9418
5399 29963
5400 8246
5401 8998
5402 9005
5403 15057
5404 26800
5405 27575
5406 26589
5407 26603
5408 28682
5409 26603
5410 28624
5411 28590
5412 20304
5413 26386
5414 1439
5415 8391
5416 2834
5417 8472
5418 8468
5419 2862
5420 2827
5421 2797
5422 2816
5423 1559
5424 8704
5425 8343
5426 8361
5427 9904
5428 9613
5429 9726
5430 5856
5431 9690
5432 9792
5433 9705
5434 9719
5435 1533
5436 13667
5437 13668
5438 13658
5439 13641
5440 14084
5441 7615
5442 7811
5443 7621
5444 7918
5445 6179
5446 12608
5447 13815
5448 13934
5449 24729
5450 25487
5451 24180
5452 3445
5453 24239
5454 3635
5455 3617
5456 41
5457 3623
5458 24080
5459 3795
5460 27317
5461 27733
5462 27399
5463 10654
5464 27349
5465 27348
5466 27620
5467 26846
5468 26299
5469 22277
5470 19062
5471 19006
5472 19080
5473 14656
5474 15026
5475 15019
5476 14965
5477 15077
5478 15080
5479 15086
5480 20618
5481 21464
5482 19346
5483 21466
5484 18201
5485 19308
5486 20950
5487 20972
5488 18231
5489 21344
5490 19763
5491 22276
5492 20001
5493 28159
5494 26678
5495 29741
5496 29699
5497 10663
5498 10661
5499 10887
5500 8672
5501 8738
5502 8084
5503 20860
5504 30011
5505 20850
5506 14613
5507 14473
5508 9055
5509 9428
5510 26388
5511 27597
5512 3198
5513 3104
5514 3114
5515 3117
5516 3025
5517 3483
5518 10264
5519 11776
5520 11327
5521 23900
5522 23478
5523 23931
5524 23461
5525 15125
5526 20655
5527 355
5528 8874
5529 8612
5530 9277
5531 9270
5532 8636
5533 8388
5534 9289
5535 9292
5536 9217
5537 9177
5538 9183
5539 9239
5540 9237
5541 9366
5542 24875
5543 24950
5544 25001
5545 24911
5546 24863
5547 24999
5548 25374
5549 25424
5550 10454
5551 8300
5552 9638
5553 9818
5554 10194
5555 10201
5556 9634
5557 9611
5558 9767
5559 9807
5560 9809
5561 9806
5562 9779
5563 9657
5564 8337
5565 8286
5566 10434
5567 9882
5568 9932
5569 9942
5570 10501
5571 10510
5572 12738
5573 12996
5574 13731
5575 7762
5576 14201
5577 12719
5578 7304
5579 25043
5580 24576
5581 121
5582 3552
5583 3539
5584 3548
5585 3659
5586 3627
5587 24618
5588 26839
5589 27645
5590 14493
5591 14681
5592 14497
5593 14662
5594 13221
5595 13447
5596 13491
5597 13432
5598 13471
5599 13475
5600 13525
5601 13527
5602 14309
5603 13993
5604 15796
5605 12867
5606 12731
5607 12951
5608 7152
5609 13111
5610 18768
5611 19441
5612 20218
5613 13666
5614 28477
5615 29748
5616 29586
5617 19721
5618 29554
5619 26693
5620 25796
5621 24592
5622 3359
5623 10576
5624 8927
5625 9027
5626 9299
5627 10701
5628 9578
5629 10771
5630 9925
5631 9906
5632 10925
5633 10927
5634 11510
5635 8006
5636 28327
5637 26326
5638 27363
5639 29783
5640 28682
5641 11170
5642 11598
5643 11485
5644 10725
5645 10798
5646 10696
5647 8366
5648 10295
5649 10300
5650 10169
5651 3325
5652 9138
5653 29667
5654 29689
5655 29695
5656 26763
5657 28452
5658 29314
5659 29489
5660 29511
5661 23779
5662 9347
5663 9352
5664 9356
5665 9354
5666 9297
5667 8322
5668 8730
5669 8760
5670 8392
5671 8483
5672 8484
5673 8434
5674 5028
5675 5041
5676 26707
5677 28910
5678 28684
5679 28690
5680 26341
5681 29273
5682 20224
5683 28946
5684 28949
5685 1525
5686 10094
5687 9806
5688 10069
5689 5848
5690 5859
5691 4820
5692 5815
5693 5814
5694 5839
5695 5839
5696 5775
5697 5860
5698 5936
5699 5792
5700 5929
5701 5783
5702 23682
5703 28051
5704 22327
5705 23152
5706 23479
5707 28164
5708 29312
5709 3687
5710 3642
5711 3607
5712 1356
5713 11579
5714 11615
5715 24353
5716 24385
5717 24795
5718 11949
5719 11942
5720 26281
5721 25727
5722 26849
5723 25675
5724 25164
5725 27250
5726 14375
5727 14225
5728 14617
5729 14489
5730 12563
5731 14069
5732 14675
5733 15072
5734 13347
5735 14538
5736 14582
5737 14498
5738 14567
5739 13370
5740 13395
5741 13147
5742 13055
5743 13057
5744 13151
5745 12531
5746 13990
5747 532
5748 18751
5749 17074
5750 13678
5751 18865
5752 18911
5753 17187
5754 6146
5755 14089
5756 10039
5757 3449
5758 24786
5759 11671
5760 24841
5761 24650
5762 24639
5763 24761
5764 8115
5765 9434
5766 9025
5767 8737
5768 9247
5769 8770
5770 14553
5771 8606
5772 8413
5773 14787
5774 8770
5775 28598
5776 3463
5777 10824
5778 10484
5779 10358
5780 10660
5781 9662
5782 9770
5783 10068
5784 9764
5785 9773
5786 9698
5787 1536
5788 3336
5789 5934
5790 3532
5791 5784
5792 5813
5793 3463
5794 3342
5795 27961
5796 29526
5797 29363
5798 28222
5799 27906
5800 28228
5801 28133
5802 8569
5803 8566
5804 8482
5805 8651
5806 8517
5807 8412
5808 12083
5809 8448
5810 8504
5811 8492
5812 5036
5813 8238
5814 9889
5815 14895
5816 14761
5817 14762
5818 28953
5819 26518
5820 29177
5821 27568
5822 26315
5823 3591
5824 10737
5825 10710
5826 10731
5827 10476
5828 10495
5829 10480
5830 8296
5831 10505
5832 10000
5833 9604
5834 10721
5835 10739
5836 10251
5837 9630
5838 10283
5839 23316
5840 15703
5841 23812
5842 27167
5843 27230
5844 24600
5845 11989
5846 24147
5847 2938
5848 25052
5849 8413
5850 14618
5851 14891
5852 14927
5853 25183
5854 25987
5855 25197
5856 13362
5857 13396
5858 13402
5859 13404
5860 13178
5861 10675
5862 8172
5863 14329
5864 14065
5865 20939
5866 22505
5867 20557
5868 10115
5869 6182
5870 12723
5871 12595
5872 1479
5873 3898
5874 7073
5875 7072
5876 6943
5877 12603
5878 13076
5879 13087
5880 12610
5881 12985
5882 12616
5883 47
5884 24552
5885 3299
5886 3306
5887 2753
5888 3240
5889 1569
5890 25152
5891 29940
5892 22913
5893 22946
5894 22946
5895 22945
5896 22937
5897 15845
5898 22939
5899 14104
5900 22948
5901 17956
5902 18035
5903 18052
5904 6729
5905 7035
5906 7678
5907 7436
5908 6808
5909 5581
5910 7057
5911 3879
5912 7059
5913 6992
5914 6963
5915 7222
5916 16287
5917 18123
5918 16472
5919 16575
5920 17798
5921 15471
5922 15549
5923 15381
5924 15334
5925 7498
5926 16085
5927 17592
5928 23009
5929 1314
5930 16697
5931 16686
5932 1354
5933 16740
5934 6320
5935 6489
5936 6625
5937 6483
5938 6564
5939 6562
5940 7110
5941 6759
5942 6849
5943 6854
5944 7393
5945 15942
5946 16443
5947 15901
5948 17543
5949 18136
5950 17635
5951 15676
5952 15678
5953 15679
5954 451
5955 23102
5956 15632
5957 15954
5958 17956
5959 18061
5960 22896
5961 6977
5962 6044
5963 6811
5964 6757
5965 7460
5966 7448
5967 17279
5968 15911
5969 16251
5970 15385
5971 15494
5972 16465
5973 15859
5974 22987
5975 22985
5976 22922
5977 22776
5978 22901
5979 18037
5980 7332
5981 510
5982 23078
5983 18050
5984 23100
5985 17956
5986 22887
5987 22860
5988 15679
5989 3931
5990 7799
5991 7747
5992 6816
5993 6461
5994 6890
5995 7115
5996 6715
5997 17760
5998 17814
5999 17819
6000 15593
6001 17885
6002 15953
6003 17630
6004 17630
6005 22954
6006 7269
6007 6709
6008 6524
6009 6747
6010 6493
6011 4626
6012 3910
6013 6749
6014 6976
6015 6748
6016 7170
6017 18268
6018 15923
6019 18102
6020 17808
6021 15962
6022 16242
6023 16274
6024 16271
6025 16173
6026 17002
6027 506
6028 7333
6029 6290
6030 473
6031 17015
6032 16955
6033 16877
6034 16787
6035 16674
6036 15931
6037 22802
6038 22705
6039 18028
6040 22925
6041 22705
6042 18345
6043 14100
6044 18025
6045 15845
6046 15632
6047 22956
6048 18070
6049 22957
6050 22783
6051 15633
6052 17954
6053 15652
6054 6081
6055 6995
6056 3880
6057 3876
6058 3876
6059 6960
6060 6616
6061 7219
6062 6455
6063 6293
6064 6291
6065 16299
6066 15895
6067 15973
6068 17662
6069 17844
6070 17856
6071 17792
6072 15617
6073 6861
6074 6776
6075 6773
6076 6758
6077 6912
6078 7423
6079 7365
6080 3850
6081 7211
6082 6453
6083 15361
6084 15571
6085 17624
6086 17732
6087 19141
6088 16143
6089 16158
6090 16792
6091 3854
6092 6255
6093 22855
6094 17945
6095 22939
6096 22958
6097 449
6098 15290
6099 15672
6100 23094
6101 7015
6102 6597
6103 7008
6104 6689
6105 6531
6106 6738
6107 6302
6108 7377
6109 7471
6110 6871
6111 17466
6112 17386
6113 15914
6114 15557
6115 15377
6116 15331
6117 17632
6118 18091
6119 16413
6120 15611
6121 17734
6122 17669
6123 15345
6124 6090
6125 6089
6126 7108
6127 7037
6128 7651
6129 6228
6130 6814
6131 7603
6132 7476
6133 7088
6134 16502
6135 17624
6136 17668
6137 16542
6138 16599
6139 17897
6140 17852
6141 17786
6142 17774
6143 17917
6144 15501
6145 513
6146 16727
6147 15738
6148 23051
6149 22735
6150 23056
6151 22945
6152 22714
6153 23047
6154 22937
6155 15661
6156 23002
6157 17956
6158 17957
6159 15673
6160 17612
6161 18018
6162 22734
6163 7816
6164 6207
6165 6658
6166 7026
6167 6984
6168 7003
6169 16182
6170 17760
6171 16010
6172 15611
6173 17626
6174 16465
6175 15405
6176 17692
6177 17839
6178 17903
6179 17737
6180 16520
6181 17724
6182 17395
6183 15980
6184 16258
6185 18141
6186 15862
6187 15565
6188 15553
6189 15473
6190 15559
6191 15374
6192 15568
6193 17750
6194 15900
6195 22883
6196 18026
6197 17993
6198 22763
6199 18010
6200 15634
6201 22723
6202 7016
6203 6734
6204 6731
6205 6733
6206 21002
6207 6807
6208 6709
6209 6607
6210 6804
6211 3937
6212 7237
6213 7372
6214 6462
6215 7196
6216 7328
6217 6794
6218 3838
6219 3842
6220 7711
6221 7684
6222 6450
6223 6981
6224 3848
6225 7656
6226 15976
6227 18216
6228 487
6229 16254
6230 15394
6231 15913
6232 17702
6233 15300
6234 15623
6235 17889
6236 15926
6237 15895
6238 17846
6239 15344
6240 7557
6241 568
6242 16026
6243 17148
6244 17041
6245 16946
6246 17482
6247 17569
6248 15680
6249 445
6250 15633
6251 15676
6252 15665
6253 15634
6254 22963
6255 22901
6256 23035
6257 7051
6258 6917
6259 7747
6260 6856
6261 6855
6262 6969
6263 6307
6264 6301
6265 6784
6266 17242
6267 15933
6268 15576
6269 17527
6270 17244
6271 18166
6272 15491
6273 15569
6274 15513
6275 15588
6276 15506
6277 15425
6278 15536
6279 16278
6280 15377
6281 17609
6282 17884
6283 491
6284 15570
6285 15411
6286 15334
6287 15536
6288 16801
6289 16155
6290 16724
6291 1336
6292 7506
6293 1344
6294 7519
6295 7864
6296 16139
6297 17044
6298 6576
6299 7192
6300 6435
6301 6688
6302 6600
6303 6478
6304 7634
6305 6909
6306 6854
6307 6832
6308 7664
6309 6660
6310 6202
6311 6770
6312 6414
6313 7398
6314 7469
6315 6079
6316 6844
6317 7017
6318 7052
6319 3835
6320 15861
6321 18129
6322 17727
6323 15952
6324 16519
6325 16116
6326 442
6327 16311
6328 17873
6329 15376
6330 17742
6331 15916
6332 17285
6333 7857
6334 6254
6335 15390
6336 16586
6337 457
6338 17350
6339 16423
6340 15485
6341 17628
6342 7506
6343 23070
6344 22690
6345 22695
6346 15842
6347 17954
6348 15642
6349 22788
6350 6788
6351 7414
6352 6921
6353 6691
6354 7579
6355 6879
6356 6971
6357 6948
6358 6434
6359 7442
6360 7083
6361 6065
6362 6417
6363 6769
6364 6511
6365 6770
6366 7471
6367 6854
6368 466
6369 17609
6370 16519
6371 16417
6372 17793
6373 17870
6374 16953
6375 16837
6376 16935
6377 17414
6378 16094
6379 16717
6380 17539
6381 1135
6382 15877
6383 1343
6384 501
6385 6221
6386 6219
6387 16537
6388 6270
6389 575
6390 17021
6391 16965
6392 16948
6393 17149
6394 17139
6395 6385
6396 16925
6397 22737
6398 18024
6399 22927
6400 22887
6401 22896
6402 22937
6403 17952
6404 17956
6405 22828
6406 7663
6407 7396
6408 7146
6409 7107
6410 6824
6411 6966
6412 7171
6413 6667
6414 16530
6415 17524
6416 17298
6417 15950
6418 18164
6419 15499
6420 15564
6421 15298
6422 15572
6423 15352
6424 18091
6425 502
6426 6231
6427 7532
6428 7384
6429 467
6430 7525
6431 22991
6432 23061
6433 22970
6434 23093
6435 22904
6436 17999
6437 1279
6438 511
6439 1237
6440 410
6441 1348
6442 16638
6443 23063
6444 515
6445 514
6446 15633
6447 15631
6448 22901
6449 22886
6450 22953
6451 22958
6452 3864
6453 6615
6454 17281
6455 17295
6456 17306
6457 15879
6458 16543
6459 16412
6460 18113
6461 16841
6462 17220
6463 17376
6464 15409
6465 15922
6466 19118
6467 16294
6468 17834
6469 458
6470 7544
6471 17150
6472 6207
6473 574
6474 15636
6475 18332
6476 22939
6477 18333
6478 18071
6479 18051
6480 17606
6481 22919
6482 22969
6483 23096
6484 22766
6485 17973
6486 22702
6487 15648
6488 22721
6489 22938
6490 6633
6491 7724
6492 6426
6493 6585
6494 7654
6495 7655
6496 6496
6497 6228
6498 7263
6499 6658
6500 6980
6501 6650
6502 7611
6503 464
6504 17654
6505 17367
6506 17909
6507 15607
6508 16594
6509 16538
6510 16861
6511 16172
6512 17857
6513 17925
6514 17887
6515 17852
6516 17026
6517 17101
6518 17453
6519 16758
6520 6390
6521 493
6522 6216
6523 1235
6524 22951
6525 18045
6526 22885
6527 15291
6528 23093
6529 23092
6530 22887
6531 15954
6532 17956
6533 22990
6534 6276
6535 7336
6536 22967
6537 18049
6538 22955
6539 22903
6540 17618
6541 15670
6542 15634
6543 15635
6544 7560
6545 7489
6546 6221
6547 3908
6548 6959
6549 7435
6550 18301
6551 17805
6552 17787
6553 17871
6554 17653
6555 17644
6556 17825
6557 15593
6558 15351
6559 15627
6560 15519
6561 15507
6562 485
6563 15305
6564 15317
6565 16779
6566 16799
6567 7345
6568 6263
6569 15930
6570 17523
6571 828
6572 1135
6573 1355
6574 1316
6575 15948
6576 6545
6577 6590
6578 6662
6579 6737
6580 6604
6581 6567
6582 3916
6583 6562
6584 15921
6585 6210
6586 16065
6587 16036
6588 16943
6589 16640
6590 17131
6591 17507
6592 15632
6593 15632
6594 22805
6595 6623
6596 6986
6597 6734
6598 7015
6599 7126
6600 7713
6601 7681
6602 6468
6603 7329
6604 7396
6605 7395
6606 6872
6607 7086
6608 16176
6609 15480
6610 15359
6611 15302
6612 15333
6613 15568
6614 15340
6615 17319
6616 16197
6617 15374
6618 16446
6619 18130
6620 16746
6621 16036
6622 6295
6623 22992
6624 22989
6625 17613
6626 18062
6627 22964
6628 7186
6629 7171
6630 7672
6631 6847
6632 7426
6633 3922
6634 7497
6635 3920
6636 16856
6637 16072
6638 6195
6639 16768
6640 18195
6641 828
6642 6821
6643 6484
6644 6484
6645 6482
6646 6743
6647 3909
6648 7261
6649 6408
6650 7172
6651 7752
6652 3838
6653 3875
6654 7013
6655 7141
6656 6718
6657 16398
6658 18166
6659 15520
6660 17004
6661 16688
6662 6203
6663 472
6664 17447
6665 17537
6666 17420
6667 7847
6668 7863
6669 16779
6670 16161
6671 563
6672 17029
6673 16962
6674 17178
6675 17141
6676 17147
6677 16636
6678 23090
6679 22708
6680 17962
6681 22719
6682 15633
6683 6957
6684 6557
6685 6513
6686 6889
6687 7018
6688 3886
6689 5492
6690 6999
6691 6497
6692 7447
6693 513
6694 1353
6695 16704
6696 16097
6697 16967
6698 23011
6699 17942
6700 17956
6701 7602
6702 7905
6703 7135
6704 6491
6705 6505
6706 15857
6707 17315
6708 17677
6709 16539
6710 18101
6711 16598
6712 15615
6713 16840
6714 6214
6715 16855
6716 16681
6717 7388
6718 16074
6719 1280
6720 827
6721 6196
6722 16763
6723 16645
6724 16630
6725 1280
6726 7355
6727 7514
6728 17006
6729 7343
6730 16072
6731 22693
6732 22930
6733 17612
6734 5472
6735 6487
6736 3869
6737 6710
6738 6953
6739 6572
6740 7432
6741 7411
6742 3879
6743 6744
6744 3909
6745 6690
6746 6439
6747 7700
6748 15446
6749 4434
6750 406
6751 957
6752 4111
6753 917
6754 5729
6755 5743
6756 5360
6757 6040
6758 5421
6759 5293
6760 907
6761 849
6762 781
6763 4132
6764 4189
6765 4183
6766 889
6767 4250
6768 4251
6769 4182
6770 958
6771 5596
6772 5333
6773 5468
6774 5436
6775 2088
6776 813
6777 4028
6778 957
6779 4560
6780 947
6781 405
6782 4581
6783 5527
6784 4498
6785 4657
6786 4555
6787 952
6788 4231
6789 1306
6790 1316
6791 2551
6792 2499
6793 2574
6794 4403
6795 4402
6796 4395
6797 3975
6798 2154
6799 2633
6800 1130
6801 2776
6802 4946
6803 4940
6804 2505
6805 4399
6806 4418
6807 4353
6808 944
6809 946
6810 2627
6811 1962
6812 1271
6813 1282
6814 1306
6815 4762
6816 2226
6817 2501
6818 2494
6819 2071
6820 846
6821 1651
6822 2105
6823 2632
6824 2682
6825 2471
6826 1334
6827 5714
6828 4623
6829 2234
6830 2261
6831 2775
6832 5004
6833 2481
6834 4861
6835 2333
6836 5325
6837 5109
6838 5209
6839 2582
6840 4302
6841 2749
6842 2661
6843 4892
6844 2264
6845 4852
6846 4901
6847 2772
6848 5609
6849 4832
6850 5802
6851 5807
6852 5831
6853 4873
6854 2259
6855 4288
6856 4312
6857 4291
6858 4803
6859 2586
6860 2251
6861 4969
6862 5118
6863 5132
6864 5212
6865 2328
6866 2334
6867 2526
6868 1605
6869 5761
6870 4996
6871 5709
6872 4791
6873 5115
6874 5186
6875 4252
6876 2528
6877 1257
6878 4858
6879 4279
6880 5234
6881 5662
6882 4794
6883 5611
6884 5873
6885 5908
6886 5623
6887 4257
6888 4218
6889 4985
6890 2586
6891 2589
6892 1661
6893 5092
6894 1215
6895 2575
6896 5116
6897 4669
6898 3957
6899 5149
6900 2586
6901 2301
6902 5116
6903 4842
6904 1603
6905 4221
6906 4283
6907 1282
6908 1188
6909 1194
6910 4106
6911 4538
6912 4586
6913 4566
6914 2559
6915 1661
6916 5205
6917 4940
6918 4295
6919 4446
6920 4542
6921 4813
6922 6003
6923 6014
6924 5347
6925 6019
6926 897
6927 4511
6928 920
6929 2215
6930 4011
6931 4661
6932 4196
6933 4160
6934 4690
6935 739
6936 4572
6937 5301
6938 5535
6939 5664
6940 4326
6941 1426
6942 4402
6943 4342
6944 4392
6945 4399
6946 2113
6947 5691
6948 5145
6949 5162
6950 4792
6951 4996
6952 5167
6953 4788
6954 5686
6955 5699
6956 4448
6957 4563
6958 709
6959 406
6960 923
6961 954
6962 2101
6963 4082
6964 4528
6965 2166
6966 5802
6967 4790
6968 4805
6969 5707
6970 5870
6971 5618
6972 6175
6973 5984
6974 5373
6975 5375
6976 5571
6977 3955
6978 5444
6979 4739
6980 4451
6981 947
6982 935
6983 4419
6984 4592
6985 4396
6986 4090
6987 5174
6988 5696
6989 5148
6990 5824
6991 5686
6992 5684
6993 5707
6994 5657
6995 5718
6996 5622
6997 5629
6998 6024
6999 6054
7000 5314
7001 5368
7002 5222
7003 4868
7004 4374
7005 4221
7006 5207
7007 4762
7008 4845
7009 4879
7010 4866
7011 3972
7012 4077
7013 4535
7014 4471
7015 4565
7016 4720
7017 2596
7018 2647
7019 2349
7020 2675
7021 4750
7022 4634
7023 4014
7024 6039
7025 5143
7026 5253
7027 6133
7028 518
7029 4501
7030 518
7031 4360
7032 1111
7033 1132
7034 1302
7035 1207
7036 2643
7037 2616
7038 2376
7039 2364
7040 812
7041 2062
7042 4008
7043 2067
7044 4540
7045 4562
7046 4568
7047 944
7048 3987
7049 579
7050 1339
7051 6001
7052 4697
7053 4648
7054 1656
7055 4972
7056 4364
7057 2120
7058 1218
7059 1120
7060 1231
7061 1310
7062 1208
7063 1181
7064 708
7065 405
7066 740
7067 585
7068 845
7069 4327
7070 4027
7071 4168
7072 708
7073 407
7074 959
7075 913
7076 5575
7077 4720
7078 5280
7079 5705
7080 5403
7081 5688
7082 4996
7083 5823
7084 5763
7085 4785
7086 5700
7087 4796
7088 5881
7089 5731
7090 5667
7091 5894
7092 5612
7093 2203
7094 4877
7095 4368
7096 2532
7097 2492
7098 2294
7099 2535
7100 2571
7101 2530
7102 2306
7103 4986
7104 1598
7105 5019
7106 5327
7107 4737
7108 4646
7109 4771
7110 5739
7111 5460
7112 5486
7113 5545
7114 6031
7115 6032
7116 19148
7117 4106
7118 4249
7119 4182
7120 709
7121 2351
7122 2721
7123 2648
7124 5723
7125 5632
7126 5637
7127 6088
7128 6062
7129 5984
7130 5557
7131 4618
7132 5109
7133 4911
7134 4265
7135 2315
7136 1665
7137 5009
7138 4284
7139 1238
7140 5153
7141 4774
7142 5803
7143 4784
7144 5802
7145 5767
7146 5767
7147 4789
7148 5104
7149 5704
7150 4795
7151 5683
7152 5667
7153 5311
7154 5605
7155 6086
7156 6076
7157 4798
7158 5318
7159 5310
7160 5489
7161 4493
7162 1238
7163 1224
7164 1231
7165 1232
7166 2111
7167 2053
7168 4477
7169 4681
7170 4081
7171 5244
7172 5291
7173 4715
7174 5335
7175 5447
7176 4014
7177 944
7178 4551
7179 4510
7180 4506
7181 2051
7182 905
7183 406
7184 909
7185 5185
7186 2246
7187 2329
7188 2496
7189 4980
7190 1231
7191 1223
7192 1309
7193 1301
7194 1325
7195 2045
7196 4556
7197 4428
7198 4433
7199 2090
7200 3992
7201 522
7202 914
7203 661
7204 813
7205 2179
7206 4660
7207 4145
7208 1238
7209 2346
7210 2631
7211 2615
7212 2661
7213 2682
7214 2625
7215 2772
7216 2583
7217 2581
7218 2576
7219 1664
7220 4961
7221 4257
7222 4283
7223 4220
7224 4021
7225 6123
7226 6163
7227 5240
7228 5473
7229 6028
7230 5541
7231 6022
7232 5668
7233 5408
7234 3912
7235 4719
7236 4601
7237 4451
7238 875
7239 4157
7240 406
7241 4598
7242 4672
7243 4495
7244 4398
7245 937
7246 2066
7247 2536
7248 5129
7249 2802
7250 1140
7251 1119
7252 1431
7253 3979
7254 4503
7255 4072
7256 4116
7257 4522
7258 5821
7259 5650
7260 5875
7261 5169
7262 4788
7263 5104
7264 5161
7265 4811
7266 5698
7267 5693
7268 5658
7269 5688
7270 5670
7271 5878
7272 5591
7273 6007
7274 6046
7275 6086
7276 5638
7277 6074
7278 6084
7279 3878
7280 2642
7281 2667
7282 1667
7283 2232
7284 2265
7285 2226
7286 4984
7287 5217
7288 4842
7289 2507
7290 4876
7291 2309
7292 4958
7293 6132
7294 5655
7295 5173
7296 5337
7297 5102
7298 6016
7299 4703
7300 5403
7301 5170
7302 4810
7303 5997
7304 5872
7305 5871
7306 5901
7307 2179
7308 2053
7309 2215
7310 4356
7311 4148
7312 2124
7313 2136
7314 3983
7315 902
7316 903
7317 892
7318 5383
7319 5382
7320 5374
7321 5229
7322 5512
7323 5271
7324 5447
7325 4627
7326 5267
7327 5108
7328 4695
7329 4229
7330 4232
7331 4239
7332 5201
7333 4307
7334 3999
7335 4520
7336 4107
7337 690
7338 4535
7339 4780
7340 5894
7341 5663
7342 6123
7343 5998
7344 6092
7345 6077
7346 5639
7347 4708
7348 4177
7349 4055
7350 813
7351 4508
7352 787
7353 737
7354 2066
7355 2540
7356 5114
7357 4941
7358 4327
7359 2110
7360 2055
7361 4479
7362 938
7363 895
7364 4730
7365 5465
7366 3916
7367 4750
7368 5467
7369 4712
7370 5386
7371 4100
7372 1651
7373 2688
7374 2645
7375 2595
7376 2688
7377 2668
7378 2523
7379 2512
7380 2243
7381 5117
7382 4966
7383 2571
7384 2553
7385 2500
7386 2546
7387 1666
7388 4259
7389 4952
7390 4019
7391 4806
7392 1335
7393 409
7394 813
7395 840
7396 4250
7397 4318
7398 4662
7399 945
7400 902
7401 4693
7402 4859
7403 741
7404 949
7405 4153
7406 2110
7407 4026
7408 4120
7409 1267
7410 1115
7411 1204
7412 1120
7413 410
7414 4481
7415 4515
7416 4540
7417 4059
7418 900
7419 2621
7420 2353
7421 1286
7422 1312
7423 2114
7424 2077
7425 2048
7426 4145
7427 4111
7428 4060
7429 4461
7430 1217
7431 1333
7432 1181
7433 6004
7434 2399
7435 1651
7436 1651
7437 2591
7438 5020
7439 4843
7440 2527
7441 2529
7442 2570
7443 4888
7444 4949
7445 4849
7446 1160
7447 5370
7448 5307
7449 6158
7450 4600
7451 5422
7452 5219
7453 794
7454 918
7455 893
7456 4048
7457 2174
7458 4023
7459 5673
7460 5725
7461 5350
7462 5381
7463 5155
7464 4589
7465 5249
7466 5366
7467 4795
7468 6025
7469 4839
7470 5410
7471 5360
7472 2198
7473 2522
7474 1656
7475 2262
7476 4761
7477 5112
7478 5122
7479 4304
7480 4950
7481 2318
7482 4259
7483 4217
7484 6059
7485 5424
7486 5418
7487 5258
7488 4705
7489 5990
7490 5684
7491 6094
7492 5358
7493 5626
7494 1943
7495 1938
7496 1972
7497 1978
7498 2001
7499 1831
7500 1981
7501 1621
7502 1947
7503 1840
7504 2035
7505 1622
7506 1923
7507 1916
7508 1945
7509 1788
7510 2446
7511 2376
7512 2324
7513 2037
7514 1730
7515 2322
7516 1790
7517 1965
7518 1936
7519 1943
7520 2429
7521 1752
7522 1899
7523 1687
7524 1903
7525 2018
7526 2325
7527 1828
7528 1979
7529 2005
7530 1831
7531 1892
7532 1834
7533 1897
7534 1992
7535 2430
7536 1781
7537 1825
7538 1985
7539 1774
7540 2016
7541 1975
7542 2007
7543 2021
7544 1961
7545 2011
7546 2434
7547 1731
7548 1793
7549 2429
7550 2022
7551 1824
7552 2369
7553 2039
7554 1970
7555 1824
7556 1675
7557 1942
7558 1808
7559 1988
7560 2005
7561 1733
7562 1725
7563 1966
7564 1951
7565 1951
7566 1766
7567 1970
7568 1965
7569 1969
7570 196
7571 17217
7572 16573
7573 17231
7574 18245
7575 17234
7576 10619
7577 13646
7579 13734
7580 1835
7581 1790
7582 3358
7583 11627
7584 22672
